Report_Number, Iceberg_Number, X_Value, Y_Value, Z_Value
11, R11I01, 16.8893, 9.887, 20
11, R11I01, 20.8969, 2.18348, 20
11, R11I01, 22.3852, -5.0494, 20
11, R11I01, 21.1877, -12.0992, 20
11, R11I01, 21.5016, -19.8338, 20
11, R11I01, 25.0679, -27.551, 20
11, R11I01, 27.9211, -37.5275, 20
11, R11I01, 27.8544, -41.226, 20
11, R11I01, 28.7804, -42.4682, 20
11, R11I01, 32.4464, -44.6638, 20
11, R11I01, 33.4459, -44.6869, 20
11, R11I01, 35.5361, -41.0287, 20
11, R11I01, 38.1301, -37.9426, 20
11, R11I01, 39.4619, -36.7896, 20
11, R11I01, 41.1881, -32.4868, 20
11, R11I01, 43.7057, -29.9543, 20
11, R11I01, 44.5572, -27.7273, 20
11, R11I01, 44.5299, -26.4149, 20
11, R11I01, 44.4076, -24.3807, 20
11, R11I01, 44.5702, -20.3197, 20
11, R11I01, 46.0923, -13.8586, 20
11, R11I01, 47.6883, -9.9394, 20
11, R11I01, 48.8803, -7.6052, 20
11, R11I01, 51.4168, -2.15605, 20
11, R11I01, 53.4983, 1.86572, 20
11, R11I01, 56.0355, 5.7871, 20
11, R11I01, 58.3081, 9.776, 20
11, R11I01, 59.4699, 12.5079, 20
11, R11I01, 62.12, 16.939, 20
11, R11I01, 72.0988, 24.944, 20
11, R11I01, 73.1793, 26.6, 20
11, R11I01, 70.2647, 27.355, 20
11, R11I01, 66.5233, 28.449, 20
11, R11I01, 65.4408, 29.144, 20
11, R11I01, 65.0327, 29.7, 20
11, R11I01, 64.4926, 32.549, 20
11, R11I01, 63.0757, 40.138, 20
11, R11I01, 63.254, 43.263, 20
11, R11I01, 63.6333, 44.189, 20
11, R11I01, 63.1857, 45.453, 20
11, R11I01, 62.2963, 46.325, 20
11, R11I01, 61.8407, 46.752, 20
11, R11I01, 60.576, 48.697, 20
11, R11I01, 59.4571, 52.648, 20
11, R11I01, 58.4157, 55.678, 20
11, R11I01, 57.9622, 60.781, 20
11, R11I01, 58.0386, 63.894, 20
11, R11I01, 58.1406, 68.69801, 20
11, R11I01, 59.3592, 79.853, 20
11, R11I01, 60.9113, 84.01, 20
11, R11I01, 61.1094, 84.711, 20
11, R11I01, 60.9606, 84.949, 20
11, R11I01, 58.4251, 84.397, 20
11, R11I01, 56.9192, 83.425, 20
11, R11I01, 51.1533, 78.735, 20
11, R11I01, 39.7528, 72.075, 20
11, R11I01, 28.5265, 63.655, 20
11, R11I01, 23.3637, 56.235, 20
11, R11I01, 18.8451, 46.84, 20
11, R11I01, 15.6712, 38.98, 20
11, R11I01, 14.8193, 32.888, 20
11, R11I01, 14.3632, 31.355, 20
11, R11I01, 12.3642, 28.841, 20
11, R11I01, 8.466801, 22.742, 20
11, R11I01, 8.1073, 21.299, 20
11, R11I01, 8.128201, 19.632, 20
11, R11I01, 10.0444, 16.771, 20
11, R11I01, 14.8355, 12.2316, 20
11, R11I01, 16.8893, 9.887, 20
11, R11I01, 10.4431, 12.0603, 17
11, R11I01, 13.5988, 9.1032, 17
11, R11I01, 15.6261, 4.96318, 17
11, R11I01, 16.8943, -1.08142, 17
11, R11I01, 17.3258, -9.7413, 17
11, R11I01, 16.3793, -18.2723, 17
11, R11I01, 17.6061, -24.144, 17
11, R11I01, 21.2221, -32.7765, 17
11, R11I01, 22.3722, -36.3681, 17
11, R11I01, 21.9755, -40.3803, 17
11, R11I01, 21.2666, -48.2671, 17
11, R11I01, 20.7198, -55.6844, 17
11, R11I01, 24.5005, -64.5127, 17
11, R11I01, 26.0924, -66.1316, 17
11, R11I01, 26.8441, -65.9395, 17
11, R11I01, 31.5905, -55.3149, 17
11, R11I01, 34.4424, -44.6976, 17
11, R11I01, 34.876, -44.2156, 17
11, R11I01, 35.8685, -43.9922, 17
11, R11I01, 36.7837, -42.8471, 17
11, R11I01, 39.1817, -37.3656, 17
11, R11I01, 41.4811, -32.1819, 17
11, R11I01, 44.5028, -28.2627, 17
11, R11I01, 44.6331, -27.226, 17
11, R11I01, 44.4835, -25.786, 17
11, R11I01, 44.1737, -23.3524, 17
11, R11I01, 45.2268, -20.7118, 17
11, R11I01, 47.2321, -12.4509, 17
11, R11I01, 49.379, -7.7214, 17
11, R11I01, 52.1899, -3.25168, 17
11, R11I01, 52.6594, -1.61196, 17
11, R11I01, 53.5736, 0.0815, 17
11, R11I01, 54.7315, 2.06803, 17
11, R11I01, 55.2215, 2.96831, 17
11, R11I01, 55.5464, 4.33854, 17
11, R11I01, 51.357, 37.909, 30
11, R11I01, 53.3452, 31.97, 30
11, R11I01, 56.9422, 26.466, 30
11, R11I01, 58.8976, 21.918, 30
11, R11I01, 59.044, 21.744, 30
11, R11I01, 59.6075, 21.63, 30
11, R11I01, 61.5832, 25.547, 30
11, R11I01, 62.4749, 30.657, 30
11, R11I01, 62.0178, 37.626, 30
11, R11I01, 61.7294, 40.353, 30
11, R11I01, 61.7756, 41.304, 30
11, R11I01, 61.9129, 42.094, 30
11, R11I01, 61.878, 43.274, 30
11, R11I01, 61.1357, 45.003, 30
11, R11I01, 57.1444, 52.476, 30
11, R11I01, 56.7542, 53.611, 30
11, R11I01, 56.2512, 54.235, 30
11, R11I01, 55.7742, 54.044, 30
11, R11I01, 54.8517, 53.093, 30
11, R11I01, 51.9958, 46.522, 30
11, R11I01, 51.352, 39.944, 30
11, R11I01, 51.357, 37.909, 30
11, R11I01, 42.6593, 34.752, 27
11, R11I01, 46.4256, 23.478, 27
11, R11I01, 51.0317, 14.4809, 27
11, R11I01, 52.8746, 11.3809, 27
11, R11I01, 53.5765, 10.5817, 27
11, R11I01, 54.2093, 10.6149, 27
11, R11I01, 54.9755, 11.6723, 27
11, R11I01, 58.3837, 16.324, 27
11, R11I01, 61.0637, 21.285, 27
11, R11I01, 62.7851, 26.043, 27
11, R11I01, 63.301, 34.08, 27
11, R11I01, 62.2504, 40.307, 27
11, R11I01, 62.013, 43.201, 27
11, R11I01, 61.5151, 44.676, 27
11, R11I01, 59.5226, 48.89, 27
11, R11I01, 58.487, 51.242, 27
11, R11I01, 56.8597, 56.222, 27
11, R11I01, 56.78, 58.187, 27
11, R11I01, 56.826, 60.066, 27
11, R11I01, 56.7494, 60.766, 27
11, R11I01, 56.244, 61.782, 27
11, R11I01, 55.6335, 64.378, 27
11, R11I01, 55.315, 65.596, 27
11, R11I01, 54.3176, 65.829, 27
11, R11I01, 51.573, 63.425, 27
11, R11I01, 48.039, 60.441, 27
11, R11I01, 44.2179, 54.568, 27
11, R11I01, 42.1488, 46.736, 27
11, R11I01, 41.5948, 38.259, 27
11, R11I01, 42.6593, 34.752, 27
11, R11I01, 25.9838, 14.8219, 25
11, R11I01, 27.5272, 11.0628, 25
11, R11I01, 31.4552, 5.9783, 25
11, R11I01, 35.9123, 1.68579, 25
11, R11I01, 41.5188, -3.41688, 25
11, R11I01, 45.4517, -6.3978, 25
11, R11I01, 46.2846, -7.3616, 25
11, R11I01, 47.7224, -8.0116, 25
11, R11I01, 49.0451, -7.4745, 25
11, R11I01, 50.3519, -4.7473, 25
11, R11I01, 51.2748, -2.16376, 25
11, R11I01, 51.6409, -0.3658299, 25
11, R11I01, 52.3528, 1.46226, 25
11, R11I01, 53.3165, 2.84101, 25
11, R11I01, 53.1338, 4.36457, 25
11, R11I01, 53.5673, 7.0797, 25
11, R11I01, 53.9908, 9.0741, 25
11, R11I01, 55.2409, 10.4036, 25
11, R11I01, 56.7522, 13.5321, 25
11, R11I01, 59.453, 16.5, 25
11, R11I01, 61.0328, 18.744, 25
11, R11I01, 63.0198, 24.793, 25
11, R11I01, 64.116, 29.978, 25
11, R11I01, 63.4077, 35.868, 25
11, R11I01, 62.7807, 39.95, 25
11, R11I01, 62.3039, 42.971, 25
11, R11I01, 61.8273, 44.411, 25
11, R11I01, 57.5554, 54.141, 25
11, R11I01, 57.0168, 57.473, 25
11, R11I01, 57.6618, 64.81001, 25
11, R11I01, 57.681, 67.126, 25
11, R11I01, 57.1603, 68.15, 25
11, R11I01, 56.7453, 71.186, 25
11, R11I01, 54.8662, 74.056, 25
11, R11I01, 52.7925, 74.031, 25
11, R11I01, 49.4286, 72.682, 25
11, R11I01, 39.4137, 64.446, 25
11, R11I01, 34.0671, 58.444, 25
11, R11I01, 31.3789, 54.227, 25
11, R11I01, 29.6845, 51.316, 25
11, R11I01, 28.1849, 49.065, 25
11, R11I01, 26.9032, 46.396, 25
11, R11I01, 25.2548, 36.431, 25
11, R11I01, 25.5344, 23.556, 25
11, R11I01, 25.9838, 14.8219, 25
11, R11I01, 21.5557, 11.9127, 22
11, R11I01, 23.8865, 9.1771, 22
11, R11I01, 26.0825, 5.26005, 22
11, R11I01, 27.4052, 1.00443, 22
11, R11I01, 27.4869, -3.31174, 22
11, R11I01, 26.5627, -7.3059, 22
11, R11I01, 26.269, -8.6426, 22
11, R11I01, 27.1442, -11.3072, 22
11, R11I01, 28.8136, -13.5213, 22
11, R11I01, 30.6819, -15.9101, 22
11, R11I01, 31.3877, -17.2699, 22
11, R11I01, 32.4778, -19.4131, 22
11, R11I01, 33.457, -23.7635, 22
11, R11I01, 34.4609, -25.8751, 22
11, R11I01, 38.6765, -30.5777, 22
11, R11I01, 39.1345, -31.0693, 22
11, R11I01, 39.8214, -30.8796, 22
11, R11I01, 42.3398, -28.8955, 22
11, R11I01, 43.7537, -27.54, 22
11, R11I01, 44.9056, -25.5288, 22
11, R11I01, 44.7006, -14.8169, 22
11, R11I01, 46.1908, -11.0013, 22
11, R11I01, 47.4079, -8.9353, 22
11, R11I01, 50.654, -3.8265, 22
11, R11I01, 52.3838, 0.5163202, 22
11, R11I01, 54.1471, 4.50148, 22
11, R11I01, 54.2029, 5.79454, 22
11, R11I01, 56.6109, 11.9966, 22
11, R11I01, 61.1398, 18.953, 22
11, R11I01, 62.3844, 20.032, 22
11, R11I01, 63.7841, 21.828, 22
11, R11I01, 65.4175, 26.409, 22
11, R11I01, 64.825, 27.678, 22
11, R11I01, 64.5613, 28.177, 22
11, R11I01, 64.377, 28.89, 22
11, R11I01, 64.2935, 29.837, 22
11, R11I01, 63.9274, 34.412, 22
11, R11I01, 62.788, 39.103, 22
11, R11I01, 62.6011, 41.788, 22
11, R11I01, 62.8161, 43.288, 22
11, R11I01, 62.427, 44.528, 22
11, R11I01, 59.1143, 51.025, 22
11, R11I01, 57.3762, 55.705, 22
11, R11I01, 57.5282, 60.573, 22
11, R11I01, 57.7585, 68.111, 22
11, R11I01, 58.9662, 79.094, 22
11, R11I01, 58.7401, 79.328, 22
11, R11I01, 57.3937, 79.215, 22
11, R11I01, 54.5144, 78.516, 22
11, R11I01, 44.6465, 73.045, 22
11, R11I01, 34.6725, 66.163, 22
11, R11I01, 27.0834, 55.775, 22
11, R11I01, 23.7629, 47.11, 22
11, R11I01, 20.1187, 38.159, 22
11, R11I01, 19.8876, 26.703, 22
11, R11I01, 18.2651, 20.061, 22
11, R11I01, 18.114, 18.785, 22
11, R11I01, 19.2958, 15.2791, 22
11, R11I01, 21.5557, 11.9127, 22
11, R11I01, 55.6811, 5.19337, 17
11, R11I01, 59.488, 11.8331, 17
11, R11I01, 62.9613, 17.466, 17
11, R11I01, 66.7114, 20.148, 17
11, R11I01, 72.7816, 24.389, 17
11, R11I01, 77.2587, 27.911, 17
11, R11I01, 78.417, 29.296, 17
11, R11I01, 78.501, 29.708, 17
11, R11I01, 77.6977, 30.549, 17
11, R11I01, 72.0499, 32.012, 17
11, R11I01, 70.2569, 32.289, 17
11, R11I01, 69.5018, 32.057, 17
11, R11I01, 69.0104, 31.979, 17
11, R11I01, 68.0451, 32.35, 17
11, R11I01, 63.7305, 38.609, 17
11, R11I01, 63.0681, 41.586, 17
11, R11I01, 64.416, 44.088, 17
11, R11I01, 63.7793, 46.848, 17
11, R11I01, 61.8301, 50.119, 17
11, R11I01, 60.444, 51.642, 17
11, R11I01, 59.3775, 53.035, 17
11, R11I01, 58.3752, 55.956, 17
11, R11I01, 58.1006, 60.749, 17
11, R11I01, 58.3186, 68.61, 17
11, R11I01, 59.5558, 80.396, 17
11, R11I01, 61.3811, 87.282, 17
11, R11I01, 61.3075, 87.644, 17
11, R11I01, 60.887, 87.87, 17
11, R11I01, 59.2733, 87.237, 17
11, R11I01, 43.8444, 77.203, 17
11, R11I01, 25.8122, 64.066, 17
11, R11I01, 15.849, 53.218, 17
11, R11I01, 14.2339, 48.288, 17
11, R11I01, 12.2032, 38.99, 17
11, R11I01, 10.09, 32.976, 17
11, R11I01, 6.9233, 28.081, 17
11, R11I01, 3.3032, 22.569, 17
11, R11I01, 2.7006, 18.652, 17
11, R11I01, 3.2104, 17.128, 17
11, R11I01, 8.214899, 13.6059, 17
11, R11I01, 10.4431, 12.0603, 17
11, R11I01, 5.007, 12.7503, 15
11, R11I01, 8.612101, 8.4116, 15
11, R11I01, 10.8549, 1.35851, 15
11, R11I01, 10.7336, -7.9946, 15
11, R11I01, 11.1881, -22.2513, 15
11, R11I01, 14.6912, -33.3006, 15
11, R11I01, 16.4783, -45.0459, 15
11, R11I01, 17.5077, -59.1918, 15
11, R11I01, 19.4198, -65.0309, 15
11, R11I01, 20.3371, -65.5829, 15
11, R11I01, 24.9231, -66.7627, 15
11, R11I01, 26.9182, -66.2483, 15
11, R11I01, 30.137, -58.8476, 15
11, R11I01, 33.5924, -51.2338, 15
11, R11I01, 37.5522, -42.1808, 15
11, R11I01, 40.4667, -34.6566, 15
11, R11I01, 44.6351, -25.1101, 15
11, R11I01, 48.1047, -15.3773, 15
11, R11I01, 51.1178, -7.2289, 15
11, R11I01, 56.8232, 7.7899, 15
11, R11I01, 64.0425, 15.6866, 15
11, R11I01, 74.8385, 24.591, 15
11, R11I01, 79.41, 27.718, 15
11, R11I01, 80.521, 28.976, 15
11, R11I01, 80.776, 30.146, 15
11, R11I01, 79.911, 31.245, 15
11, R11I01, 75.2945, 32.823, 15
11, R11I01, 71.5754, 33.987, 15
11, R11I01, 70.1337, 34.545, 15
11, R11I01, 68.6501, 36.203, 15
11, R11I01, 66.3737, 39.147, 15
11, R11I01, 64.3144, 41.243, 15
11, R11I01, 63.3783, 43.344, 15
11, R11I01, 61.1342, 47.08, 15
11, R11I01, 58.7878, 53.311, 15
11, R11I01, 58.0685, 58.377, 15
11, R11I01, 59.1844, 72.303, 15
11, R11I01, 61.9216, 87.972, 15
11, R11I01, 61.7543, 90.14, 15
11, R11I01, 61.2923, 90.539, 15
11, R11I01, 60.38, 90.635, 15
11, R11I01, 57.6831, 89.667, 15
11, R11I01, 44.993, 80.153, 15
11, R11I01, 35.4146, 73.039, 15
11, R11I01, 22.6167, 63.867, 15
11, R11I01, 14.178, 57.181, 15
11, R11I01, 11.4887, 52.205, 15
11, R11I01, 9.909901, 45.6, 15
11, R11I01, 8.624001, 37.719, 15
11, R11I01, 4.986401, 31.354, 15
11, R11I01, -1.8887, 23.005, 15
11, R11I01, -3.1469, 18.278, 15
11, R11I01, -2.327499, 16.227, 15
11, R11I01, -0.0542, 14.8748, 15
11, R11I01, 5.007, 12.7503, 15
11, R11I01, -17.85831, 15.4395, 12
11, R11I01, -27.4915, -0.2145801, 12
11, R11I01, -29.9763, -4.463, 12
11, R11I01, -31.9167, -10.4884, 12
11, R11I01, -32.787, -17.5387, 12
11, R11I01, -30.5311, -25.4635, 12
11, R11I01, -28.0463, -34.2873, 12
11, R11I01, -27.3626, -41.4375, 12
11, R11I01, -26.5467, -43.5285, 12
11, R11I01, -26.044, -43.5524, 12
11, R11I01, -25.3794, -43.4332, 12
11, R11I01, -24.8144, -43.7166, 12
11, R11I01, -24.5092, -44.0618, 12
11, R11I01, -23.7022, -44.209, 12
11, R11I01, -22.31445, -44.5968, 12
11, R11I01, -19.80497, -45.1351, 12
11, R11I01, -17.06393, -45.6575, 12
11, R11I01, -14.64358, -44.2451, 12
11, R11I01, -12.97232, -40.5301, 12
11, R11I01, -13.89214, -31.6339, 12
11, R11I01, -15.75263, -25.2472, 12
11, R11I01, -18.04941, -16.1176, 12
11, R11I01, -17.72104, -10.2411, 12
11, R11I01, -15.98084, -3.54516, 12
11, R11I01, -13.51468, 3.55877, 12
11, R11I01, -11.1543, 6.7459, 12
11, R11I01, -7.9304, 10.5306, 12
11, R11I01, -4.6926, 11.9155, 12
11, R11I01, -0.4860992, 11.0632, 12
11, R11I01, 3.3242, 8.1575, 12
11, R11I01, 6.863501, 1.80506, 12
11, R11I01, 7.1579, -6.9919, 12
11, R11I01, 6.3983, -11.835, 12
11, R11I01, 6.2897, -19.5527, 12
11, R11I01, 8.528, -27.0769, 12
11, R11I01, 10.9839, -34.7453, 12
11, R11I01, 12.295, -37.6455, 12
11, R11I01, 12.8834, -41.5667, 12
11, R11I01, 12.1888, -50.2205, 12
11, R11I01, 12.5883, -57.7126, 12
11, R11I01, 13.8932, -61.5677, 12
11, R11I01, 18.8515, -64.4611, 12
11, R11I01, 23.1399, -66.0905, 12
11, R11I01, 25.2547, -66.292, 12
11, R11I01, 26.7037, -65.1372, 12
11, R11I01, 33.2586, -48.1007, 12
11, R11I01, 37.2007, -40.8803, 12
11, R11I01, 41.6054, -31.7736, 12
11, R11I01, 45.4024, -22.9684, 12
11, R11I01, 47.7002, -16.3616, 12
11, R11I01, 49.8133, -10.3473, 12
11, R11I01, 52.3111, -3.484, 12
11, R11I01, 55.8757, 3.62041, 12
11, R11I01, 56.0264, 4.84467, 12
11, R11I01, 56.1553, 6.0507, 12
11, R11I01, 56.997, 8.5366, 12
11, R11I01, 63.6992, 15.9182, 12
11, R11I01, 63.7521, 15.97, 12
11, R11I01, 66.9931, 18.322, 12
11, R11I01, 72.7248, 22.992, 12
11, R11I01, 80.572, 27.237, 12
11, R11I01, 83.073, 28.696, 12
11, R11I01, 84.16, 29.346, 12
11, R11I01, 84.325, 29.855, 12
11, R11I01, 83.647, 31.26, 12
11, R11I01, 78.74, 33.396, 12
11, R11I01, 73.2326, 34.983, 12
11, R11I01, 67.5779, 38.272, 12
11, R11I01, 62.9468, 43.398, 12
11, R11I01, 60.2922, 49.661, 12
11, R11I01, 58.2998, 59.647, 12
11, R11I01, 59.1321, 68.49001, 12
11, R11I01, 59.662, 75.106, 12
11, R11I01, 60.6805, 80.56, 12
11, R11I01, 62.328, 86.28, 12
11, R11I01, 62.8272, 88.449, 12
11, R11I01, 61.9755, 90.036, 12
11, R11I01, 61.2305, 90.851, 12
11, R11I01, 60.0863, 92.184, 12
11, R11I01, 59.6189, 92.661, 12
11, R11I01, 57.8693, 92.649, 12
11, R11I01, 43.9526, 81.054, 12
11, R11I01, 33.932, 74.149, 12
11, R11I01, 24.5501, 67.252, 12
11, R11I01, 10.8785, 58.341, 12
11, R11I01, 7.928699, 54.503, 12
11, R11I01, 6.405199, 49.793, 12
11, R11I01, 5.583599, 44.608, 12
11, R11I01, 4.133699, 39.209, 12
11, R11I01, 0.4164009, 33.23, 12
11, R11I01, -2.805, 29.707, 12
11, R11I01, -7.4054, 26.209, 12
11, R11I01, -14.03133, 20.961, 12
11, R11I01, -17.85831, 15.4395, 12
11, R11I01, -21.29253, 18.304, 10
11, R11I01, -29.0036, 4.23097, 10
11, R11I01, -34.647, -12.7321, 10
11, R11I01, -34.281, -20.7937, 10
11, R11I01, -30.984, -32.4014, 10
11, R11I01, -29.504, -36.6587, 10
11, R11I01, -28.6111, -42.2834, 10
11, R11I01, -28.641, -42.8128, 10
11, R11I01, -28.5272, -43.1775, 10
11, R11I01, -28.1315, -43.4097, 10
11, R11I01, -23.6755, -44.3203, 10
11, R11I01, -20.36699, -44.8641, 10
11, R11I01, -16.04832, -46.5648, 10
11, R11I01, -14.5355, -47.7454, 10
11, R11I01, -13.89882, -48.2728, 10
11, R11I01, -12.39092, -49.324, 10
11, R11I01, -11.4573, -49.4542, 10
11, R11I01, -10.6506, -49.0008, 10
11, R11I01, -10.0814, -47.8859, 10
11, R11I01, -6.8307, -41.6528, 10
11, R11I01, -5.9139, -34.9049, 10
11, R11I01, -6.49, -29.7271, 10
11, R11I01, -6.2172, -24.1642, 10
11, R11I01, -4.2307, -20.4001, 10
11, R11I01, -3.025101, -18.8854, 10
11, R11I01, -1.1646, -18.5728, 10
11, R11I01, 0.5349007, -19.278, 10
11, R11I01, 3.452, -24.2377, 10
11, R11I01, 6.0151, -32.9514, 10
11, R11I01, 6.313801, -44.8162, 10
11, R11I01, 5.1702, -51.7095, 10
11, R11I01, 6.4709, -56.9628, 10
11, R11I01, 8.209499, -59.3565, 10
11, R11I01, 11.8828, -61.7462, 10
11, R11I01, 20.8917, -65.6597, 10
11, R11I01, 26.3031, -66.3557, 10
11, R11I01, 27.7478, -64.6926, 10
11, R11I01, 29.9643, -58.8365, 10
11, R11I01, 31.489, -55.6002, 10
11, R11I01, 34.5368, -49.6115, 10
11, R11I01, 37.3319, -42.9515, 10
11, R11I01, 38.0506, -41.3699, 10
11, R11I01, 38.7182, -38.7036, 10
11, R11I01, 39.2519, -37.4403, 10
11, R11I01, 40.0771, -35.7028, 10
11, R11I01, 40.9227, -33.451, 10
11, R11I01, 42.1418, -31.1757, 10
11, R11I01, 43.0468, -29.1711, 10
11, R11I01, 44.024, -26.7051, 10
11, R11I01, 44.4484, -25.2589, 10
11, R11I01, 45.1276, -23.6215, 10
11, R11I01, 45.7674, -21.6016, 10
11, R11I01, 47.2195, -17.8995, 10
11, R11I01, 48.7449, -13.6316, 10
11, R11I01, 50.6458, -9.4569, 10
11, R11I01, 51.6952, -7.1828, 10
11, R11I01, 52.6632, -4.4057, 10
11, R11I01, 53.3906, -2.26051, 10
11, R11I01, 54.036, -1.24486, 10
11, R11I01, 54.7695, -0.3780098, 10
11, R11I01, 56.9171, 5.05683, 10
11, R11I01, 57.763, 8.941, 10
11, R11I01, 58.7875, 9.9032, 10
11, R11I01, 61.704, 12.8442, 10
11, R11I01, 65.9651, 15.0868, 10
11, R11I01, 67.0093, 15.8579, 10
11, R11I01, 67.6661, 16.772, 10
11, R11I01, 68.3428, 18.147, 10
11, R11I01, 69.3446, 19.64, 10
11, R11I01, 70.7511, 20.862, 10
11, R11I01, 76.6335, 24.197, 10
11, R11I01, 78.813, 24.977, 10
11, R11I01, 83.13, 25.353, 10
11, R11I01, 86.02, 24.918, 10
11, R11I01, 89.924, 23.041, 10
11, R11I01, 93.392, 21.176, 10
11, R11I01, 97.447, 19.269, 10
11, R11I01, 98.391, 18.659, 10
11, R11I01, 99.204, 18.486, 10
11, R11I01, 99.885, 18.922, 10
11, R11I01, 100.765, 19.994, 10
11, R11I01, 103.447, 26.196, 10
11, R11I01, 103.743, 27.089, 10
11, R11I01, 103.135, 30.222, 10
11, R11I01, 98.477, 34.206, 10
11, R11I01, 90.55, 33.179, 10
11, R11I01, 84.289, 31.962, 10
11, R11I01, 78.973, 34.117, 10
11, R11I01, 74.4094, 35.42, 10
11, R11I01, 71.3391, 36.987, 10
11, R11I01, 67.6285, 38.715, 10
11, R11I01, 65.8141, 40.934, 10
11, R11I01, 64.8007, 43.356, 10
11, R11I01, 63.3583, 44.789, 10
11, R11I01, 60.7172, 49.58, 10
11, R11I01, 59.7976, 52.756, 10
11, R11I01, 58.9461, 55.322, 10
11, R11I01, 58.7331, 56.589, 10
11, R11I01, 58.8711, 60.645, 10
11, R11I01, 59.2845, 66.711, 10
11, R11I01, 59.9732, 70.597, 10
11, R11I01, 60.4358, 76.949, 10
11, R11I01, 62.7691, 84.988, 10
11, R11I01, 62.4367, 87.951, 10
11, R11I01, 62.2881, 89.497, 10
11, R11I01, 61.5853, 90.844, 10
11, R11I01, 60.8998, 92.065, 10
11, R11I01, 60.1262, 93.108, 10
11, R11I01, 59.2689, 93.792, 10
11, R11I01, 58.3435, 93.832, 10
11, R11I01, 56.6773, 92.547, 10
11, R11I01, 50.4388, 87.484, 10
11, R11I01, 39.975, 78.775, 10
11, R11I01, 30.4123, 72.958, 10
11, R11I01, 18.0919, 66.589, 10
11, R11I01, 11.1137, 63.19, 10
11, R11I01, 9.048, 61.771, 10
11, R11I01, 7.7264, 59.432, 10
11, R11I01, 3.2103, 47.738, 10
11, R11I01, 0.0345, 42.556, 10
11, R11I01, -3.126699, 38.237, 10
11, R11I01, -10.3806, 28.36, 10
11, R11I01, -11.4267, 27.706, 10
11, R11I01, -13.00377, 27.03, 10
11, R11I01, -18.69016, 21.627, 10
11, R11I01, -21.29253, 18.304, 10
11, R11I01, -24.3492, 21.611, 7
11, R11I01, -31.5238, 11.6228, 7
11, R11I01, -36.371, -0.43606, 7
11, R11I01, -37.203, -9.9324, 7
11, R11I01, -36.112, -18.7226, 7
11, R11I01, -34.065, -25.5087, 7
11, R11I01, -32.522, -31.6054, 7
11, R11I01, -31.7358, -38.0391, 7
11, R11I01, -31.9937, -40.7777, 7
11, R11I01, -31.8508, -41.3183, 7
11, R11I01, -31.3542, -41.9705, 7
11, R11I01, -30.7656, -42.3525, 7
11, R11I01, -23.0083, -45.1929, 7
11, R11I01, -11.4411, -50.3383, 7
11, R11I01, -2.951, -52.3642, 7
11, R11I01, 0.2397995, -53.2889, 7
11, R11I01, 3.239599, -56.0872, 7
11, R11I01, 4.9671, -57.7259, 7
11, R11I01, 8.930401, -59.472, 7
11, R11I01, 14.9825, -62.8361, 7
11, R11I01, 19.2833, -65.1156, 7
11, R11I01, 21.6442, -66.0159, 7
11, R11I01, 24.2397, -66.586, 7
11, R11I01, 26.6198, -66.476, 7
11, R11I01, 29.3911, -61.9505, 7
11, R11I01, 32.3183, -55.3505, 7
11, R11I01, 35.6386, -47.9909, 7
11, R11I01, 47.7372, -17.3323, 7
11, R11I01, 56.0764, 2.67572, 7
11, R11I01, 56.5587, 4.37075, 7
11, R11I01, 56.7331, 5.1697, 7
11, R11I01, 57.0147, 7.8094, 7
11, R11I01, 57.5404, 8.888, 7
11, R11I01, 58.6143, 9.862, 7
11, R11I01, 66.675, 14.4723, 7
11, R11I01, 67.5779, 15.9411, 7
11, R11I01, 68.8105, 18.324, 7
11, R11I01, 69.8998, 19.616, 7
11, R11I01, 73.0818, 21.613, 7
11, R11I01, 76.899, 23.581, 7
11, R11I01, 78.769, 23.909, 7
11, R11I01, 81.214, 23.42, 7
11, R11I01, 90.725, 20.306, 7
11, R11I01, 92.977, 18.661, 7
11, R11I01, 95.458, 15.5171, 7
11, R11I01, 97.3, 14.219, 7
11, R11I01, 99.018, 14.5238, 7
11, R11I01, 102.604, 20.014, 7
11, R11I01, 104.361, 25.278, 7
11, R11I01, 104.543, 30.78, 7
11, R11I01, 102.333, 35.412, 7
11, R11I01, 95.64, 35.998, 7
11, R11I01, 89.898, 36.001, 7
11, R11I01, 83.45, 35.785, 7
11, R11I01, 76.9792, 36.972, 7
11, R11I01, 72.9463, 37.919, 7
11, R11I01, 68.595, 39.755, 7
11, R11I01, 65.8401, 42.677, 7
11, R11I01, 64.143, 44.571, 7
11, R11I01, 60.3868, 50.193, 7
11, R11I01, 58.7962, 57.689, 7
11, R11I01, 58.8144, 61.807, 7
11, R11I01, 59.3901, 67.416, 7
11, R11I01, 60.5029, 71.767, 7
11, R11I01, 60.9074, 79.451, 7
11, R11I01, 62.5149, 85.829, 7
11, R11I01, 62.6207, 87.513, 7
11, R11I01, 62.1323, 89.655, 7
11, R11I01, 60.6622, 91.42, 7
11, R11I01, 57.1673, 93.122, 7
11, R11I01, 50.6804, 90.454, 7
11, R11I01, 44.9961, 87.493, 7
11, R11I01, 39.7678, 84.159, 7
11, R11I01, 38.6823, 81.98, 7
11, R11I01, 31.9276, 76.506, 7
11, R11I01, 25.2346, 72.626, 7
11, R11I01, 16.054, 69.303, 7
11, R11I01, 9.826799, 66.043, 7
11, R11I01, 5.642099, 62.774, 7
11, R11I01, 3.0513, 58.096, 7
11, R11I01, 0.5858994, 52.023, 7
11, R11I01, -2.581499, 44.844, 7
11, R11I01, -8.0083, 36.291, 7
11, R11I01, -15.89007, 28.484, 7
11, R11I01, -24.3492, 21.611, 7
11, R11I01, -27.0442, 24.339, 5
11, R11I01, -36.49, 10.087, 5
11, R11I01, -39.434, 0.1791301, 5
11, R11I01, -38.317, -14.9903, 5
11, R11I01, -35.537, -22.6991, 5
11, R11I01, -34.174, -28.5383, 5
11, R11I01, -33.653, -34.578, 5
11, R11I01, -33.536, -39.4212, 5
11, R11I01, -33.749, -41.039, 5
11, R11I01, -33.349, -41.453, 5
11, R11I01, -22.28703, -45.9091, 5
11, R11I01, -12.68839, -49.7736, 5
11, R11I01, -6.1854, -52.1292, 5
11, R11I01, -2.515699, -52.9788, 5
11, R11I01, -0.1180992, -53.9226, 5
11, R11I01, 4.022499, -57.7682, 5
11, R11I01, 13.4684, -62.7397, 5
11, R11I01, 18.9977, -65.2881, 5
11, R11I01, 23.744, -66.4821, 5
11, R11I01, 26.0889, -66.498, 5
11, R11I01, 28.9691, -64.1144, 5
11, R11I01, 32.7266, -57.1598, 5
11, R11I01, 35.9086, -48.4619, 5
11, R11I01, 41.7043, -32.0765, 5
11, R11I01, 43.4365, -29.705, 5
11, R11I01, 44.1881, -27.9328, 5
11, R11I01, 44.428, -26.0997, 5
11, R11I01, 46.1073, -21.8733, 5
11, R11I01, 50.7649, -9.8986, 5
11, R11I01, 57.0388, 4.87687, 5
11, R11I01, 57.1721, 6.22762, 5
11, R11I01, 57.4126, 8.1132, 5
11, R11I01, 62.3488, 11.2478, 5
11, R11I01, 69.2569, 14.7216, 5
11, R11I01, 74.5091, 18.937, 5
11, R11I01, 76.5226, 19.429, 5
11, R11I01, 83.497, 19.25, 5
11, R11I01, 89.854, 16.742, 5
11, R11I01, 95.954, 12.6841, 5
11, R11I01, 98.147, 11.9398, 5
11, R11I01, 99.732, 12.8006, 5
11, R11I01, 100.654, 15.5012, 5
11, R11I01, 104.882, 33.237, 5
11, R11I01, 102.516, 37.427, 5
11, R11I01, 99.422, 39.093, 5
11, R11I01, 95.388, 39.281, 5
11, R11I01, 90.781, 38.262, 5
11, R11I01, 86.987, 38.481, 5
11, R11I01, 83.783, 39.847, 5
11, R11I01, 81.199, 41.021, 5
11, R11I01, 78.601, 41.655, 5
11, R11I01, 75.1436, 41.785, 5
11, R11I01, 69.8781, 42.255, 5
11, R11I01, 67.1093, 42.784, 5
11, R11I01, 65.8171, 43.481, 5
11, R11I01, 64.0387, 44.951, 5
11, R11I01, 61.6734, 46.686, 5
11, R11I01, 60.4126, 50.956, 5
11, R11I01, 60.0308, 53.909, 5
11, R11I01, 59.4401, 58.874, 5
11, R11I01, 59.1932, 60.773, 5
11, R11I01, 58.875, 62.97, 5
11, R11I01, 59.9302, 68.38, 5
11, R11I01, 60.4271, 75.733, 5
11, R11I01, 61.8763, 82.333, 5
11, R11I01, 62.8093, 85.964, 5
11, R11I01, 62.5713, 88.154, 5
11, R11I01, 61.4443, 90.615, 5
11, R11I01, 60.0039, 92.91, 5
11, R11I01, 58.4107, 93.117, 5
11, R11I01, 48.0289, 88.751, 5
11, R11I01, 36.4164, 83.464, 5
11, R11I01, 14.9248, 73.461, 5
11, R11I01, 5.491501, 68.575, 5
11, R11I01, 1.0975, 63.128, 5
11, R11I01, -3.566601, 53.359, 5
11, R11I01, -8.1096, 43.358, 5
11, R11I01, -10.9901, 39.341, 5
11, R11I01, -16.24968, 33.413, 5
11, R11I01, -23.7293, 27.309, 5
11, R11I01, -27.0442, 24.339, 5
11, R11I01, -32.77, 20.624, 2
11, R11I01, -38.453, 9.7109, 2
11, R11I01, -40.678, 2.46876, 2
11, R11I01, -41.68, -6.7023, 2
11, R11I01, -40.395, -16.8436, 2
11, R11I01, -36.19, -26.0802, 2
11, R11I01, -34.894, -32.7843, 2
11, R11I01, -34.74, -39.1987, 2
11, R11I01, -34.997, -39.8736, 2
11, R11I01, -33.88, -41.5797, 2
11, R11I01, -21.91946, -46.1873, 2
11, R11I01, -12.36243, -50.2052, 2
11, R11I01, -5.0499, -52.7728, 2
11, R11I01, 3.9513, -57.4716, 2
11, R11I01, 12.5362, -62.7789, 2
11, R11I01, 20.8397, -65.9332, 2
11, R11I01, 29.9971, -66.9252, 2
11, R11I01, 31.2713, -66.6218, 2
11, R11I01, 32.1427, -66.1661, 2
11, R11I01, 32.9442, -64.6561, 2
11, R11I01, 35.879, -52.4781, 2
11, R11I01, 40.9605, -34.6435, 2
11, R11I01, 43.6918, -30.1144, 2
11, R11I01, 44.8349, -27.4131, 2
11, R11I01, 45.3177, -25.6656, 2
11, R11I01, 48.8185, -15.8993, 2
11, R11I01, 52.4596, -7.5883, 2
11, R11I01, 58.0668, 4.29904, 2
11, R11I01, 58.0071, 4.82023, 2
11, R11I01, 58.016, 7.0163, 2
11, R11I01, 58.7357, 8.376, 2
11, R11I01, 63.7318, 10.9896, 2
11, R11I01, 67.6713, 11.249, 2
11, R11I01, 68.9733, 12.199, 2
11, R11I01, 70.661, 14.1028, 2
11, R11I01, 73.7742, 15.6802, 2
11, R11I01, 76.5593, 15.8997, 2
11, R11I01, 79.68, 15.4286, 2
11, R11I01, 82.76, 13.1715, 2
11, R11I01, 85.063, 10.7687, 2
11, R11I01, 90.308, 9.1845, 2
11, R11I01, 91.917, 9.0192, 2
11, R11I01, 96.177, 6.6909, 2
11, R11I01, 97.709, 6.14153, 2
11, R11I01, 100.232, 7.3956, 2
11, R11I01, 103.425, 17.794, 2
11, R11I01, 106.303, 32.113, 2
11, R11I01, 105.757, 36.019, 2
11, R11I01, 104.063, 38.396, 2
11, R11I01, 99.499, 39.699, 2
11, R11I01, 89.454, 39.918, 2
11, R11I01, 87.014, 39.95, 2
11, R11I01, 86.029, 40.461, 2
11, R11I01, 82.273, 42.975, 2
11, R11I01, 79.9, 44.198, 2
11, R11I01, 77.5291, 44.704, 2
11, R11I01, 66.3696, 44.775, 2
11, R11I01, 64.3774, 46.481, 2
11, R11I01, 62.4927, 48.448, 2
11, R11I01, 60.8996, 51.216, 2
11, R11I01, 60.0344, 59.067, 2
11, R11I01, 59.8051, 64.38, 2
11, R11I01, 61.388, 69.498, 2
11, R11I01, 60.9875, 72.745, 2
11, R11I01, 60.6614, 75.083, 2
11, R11I01, 62.8419, 85.829, 2
11, R11I01, 63.2961, 87.803, 2
11, R11I01, 63.1804, 88.286, 2
11, R11I01, 62.1507, 90.286, 2
11, R11I01, 60.1911, 93.437, 2
11, R11I01, 59.9175, 93.868, 2
11, R11I01, 58.6539, 94.338, 2
11, R11I01, 56.5716, 93.424, 2
11, R11I01, 54.1112, 92.015, 2
11, R11I01, 42.2125, 85.851, 2
11, R11I01, 34.1755, 83.375, 2
11, R11I01, 29.8291, 82.848, 2
11, R11I01, 25.2074, 81.291, 2
11, R11I01, 14.2488, 79.816, 2
11, R11I01, 5.9459, 80.463, 2
11, R11I01, 3.719101, 81.513, 2
11, R11I01, 0.4234009, 82.439, 2
11, R11I01, -0.7602005, 82.248, 2
11, R11I01, -2.2279, 81.389, 2
11, R11I01, -3.421499, 78.572, 2
11, R11I01, -8.6762, 54.323, 2
11, R11I01, -13.87729, 41.67, 2
11, R11I01, -19.57786, 32.568, 2
11, R11I01, -27.9689, 24.432, 2
11, R11I01, -32.77, 20.624, 2
11, R11I01, -37.853, 19.243, 0
11, R11I01, -40.579, 14.2061, 0
11, R11I01, -44.245, 1.1489, 0
11, R11I01, -44.283, -10.0778, 0
11, R11I01, -41.886, -20.3852, 0
11, R11I01, -38.41, -29.1426, 0
11, R11I01, -37.042, -35.7118, 0
11, R11I01, -36.858, -38.0579, 0
11, R11I01, -35.343, -40.6615, 0
11, R11I01, -28.6698, -43.5641, 0
11, R11I01, -16.47883, -48.9657, 0
11, R11I01, -5.8011, -52.9126, 0
11, R11I01, -1.615299, -53.6785, 0
11, R11I01, 2.001101, -56.5389, 0
11, R11I01, 9.215401, -61.9115, 0
11, R11I01, 21.0949, -66.3426, 0
11, R11I01, 28.139, -67.9556, 0
11, R11I01, 31.1779, -68.6291, 0
11, R11I01, 32.7899, -68.1536, 0
11, R11I01, 33.5274, -67.1943, 0
11, R11I01, 37.2744, -52.4069, 0
11, R11I01, 42.994, -33.036, 0
11, R11I01, 50.0212, -14.6987, 0
11, R11I01, 59.2655, 3.17418, 0
11, R11I01, 59.9146, 5.53581, 0
11, R11I01, 60.9585, 6.90753, 0
11, R11I01, 64.53, 7.3926, 0
11, R11I01, 69.418, 6.80705, 0
11, R11I01, 70.4481, 6.76514, 0
11, R11I01, 71.71, 9.6253, 0
11, R11I01, 74.1791, 12.2507, 0
11, R11I01, 79.437, 12.6282, 0
11, R11I01, 87.386, 8.8279, 0
11, R11I01, 96.784, 2.74794, 0
11, R11I01, 98.655, 2.52756, 0
11, R11I01, 99.441, 2.79321, 0
11, R11I01, 99.804, 3.57166, 0
11, R11I01, 102.622, 11.0075, 0
11, R11I01, 105.363, 24.263, 0
11, R11I01, 106.844, 36.721, 0
11, R11I01, 106.031, 42.888, 0
11, R11I01, 105.883, 45.464, 0
11, R11I01, 105.138, 46.227, 0
11, R11I01, 103.909, 46.495, 0
11, R11I01, 94.754, 46.221, 0
11, R11I01, 83.663, 45.303, 0
11, R11I01, 73.2453, 45.225, 0
11, R11I01, 67.0684, 45.568, 0
11, R11I01, 63.5448, 46.845, 0
11, R11I01, 60.797, 48.266, 0
11, R11I01, 59.604, 52.527, 0
11, R11I01, 58.9361, 59.394, 0
11, R11I01, 59.9233, 66.72, 0
11, R11I01, 62.0814, 80.881, 0
11, R11I01, 63.2906, 87.228, 0
11, R11I01, 62.1451, 91.617, 0
11, R11I01, 61.3013, 93.061, 0
11, R11I01, 59.6731, 93.796, 0
11, R11I01, 49.6073, 90.838, 0
11, R11I01, 35.0382, 84.847, 0
11, R11I01, 16.9189, 82.477, 0
11, R11I01, 3.0166, 84.493, 0
11, R11I01, -1.847799, 86.56, 0
11, R11I01, -4.003099, 86.385, 0
11, R11I01, -5.826401, 84.176, 0
11, R11I01, -9.0406, 77.573, 0
11, R11I01, -10.6657, 63.644, 0
11, R11I01, -11.8296, 55.91, 0
11, R11I01, -15.10992, 47.894, 0
11, R11I01, -20.66371, 38.016, 0
11, R11I01, -30.5325, 28.627, 0
11, R11I01, -37.853, 19.243, 0
11, R11I01, -30.658, 37.406, -5
11, R11I01, -35.955, 27.49, -5
11, R11I01, -42.541, 18.237, -5
11, R11I01, -49.845, 9.3085, -5
11, R11I01, -56.555, 0, -5
11, R11I01, -60.792, -8.87862, -5
11, R11I01, -61.088, -18.4982, -5
11, R11I01, -56.516, -29.5076, -5
11, R11I01, -48.318, -38.5782, -5
11, R11I01, -35.845, -46.3463, -5
11, R11I01, -22.023, -52.1874, -5
11, R11I01, -4.1438, -64.9229, -5
11, R11I01, 14.2804, -76.2945, -5
11, R11I01, 30.9881, -84.5228, -5
11, R11I01, 39.0901, -83.5957, -5
11, R11I01, 46.2445, -79.8811, -5
11, R11I01, 51.4461, -73.0001, -5
11, R11I01, 55.6545, -65.4417, -5
11, R11I01, 58.7279, -51.2633, -5
11, R11I01, 62.2611, -36.6537, -5
11, R11I01, 66.4811, -22.9022, -5
11, R11I01, 73.488, -9.97173, -5
11, R11I01, 79.4735, 1.2887, -5
11, R11I01, 87.1161, 9.8567, -5
11, R11I01, 95.8284, 11.004, -5
11, R11I01, 102.239, 11.097, -5
11, R11I01, 107.587, 13.058, -5
11, R11I01, 109.507, 20.429, -5
11, R11I01, 106.325, 27.728, -5
11, R11I01, 100.546, 29.067, -5
11, R11I01, 95.2316, 30.772, -5
11, R11I01, 94.2931, 37.874, -5
11, R11I01, 95.4549, 44.838, -5
11, R11I01, 97.9362, 55.432, -5
11, R11I01, 101.764, 65.566, -5
11, R11I01, 107.567, 76.877, -5
11, R11I01, 112.944, 86.299, -5
11, R11I01, 111.125, 88.453, -5
11, R11I01, 108.641, 89.982, -5
11, R11I01, 102.175, 91.501, -5
11, R11I01, 83.5899, 90.186, -5
11, R11I01, 68.7423, 88.899, -5
11, R11I01, 53.8995, 87.553, -5
11, R11I01, 39.1005, 86.013, -5
11, R11I01, 24.273, 85.112, -5
11, R11I01, 8.54378, 85.757, -5
11, R11I01, -6.4791, 84.181, -5
11, R11I01, -16.311, 81.277, -5
11, R11I01, -24.112, 75.533, -5
11, R11I01, -26.44, 70.14, -5
11, R11I01, -27.361, 64.183, -5
11, R11I01, -27.577, 57.396, -5
11, R11I01, -27.67, 50.591, -5
11, R11I01, -30.408, 37.406, -10
11, R11I01, -32.428, 31.181, -10
11, R11I01, -34.948, 25.154, -10
11, R11I01, -38.216, 19.358, -10
11, R11I01, -41.963, 13.847, -10
11, R11I01, -44.693, 10.358, -10
11, R11I01, -47.439, 6.879, -10
11, R11I01, -49.975, 3.5371, -10
11, R11I01, -52.198, 0, -10
11, R11I01, -55.227, -9.00976, -10
11, R11I01, -55.235, -18.4982, -10
11, R11I01, -51.878, -27.1412, -10
11, R11I01, -46.211, -34.6649, -10
11, R11I01, -34.708, -42.02, -10
11, R11I01, -22.044, -47.9552, -10
11, R11I01, -12.39, -54.0696, -10
11, R11I01, -3.0777, -60.7362, -10
11, R11I01, 5.53577, -67.2886, -10
11, R11I01, 14.4231, -73.4201, -10
11, R11I01, 22.3542, -78.2417, -10
11, R11I01, 30.9025, -81.3503, -10
11, R11I01, 38.5609, -81.9702, -10
11, R11I01, 45.6623, -79.8811, -10
11, R11I01, 48.8762, -76.7798, -10
11, R11I01, 51.4461, -73.0001, -10
11, R11I01, 53.6792, -69.2911, -10
11, R11I01, 55.6545, -65.4417, -10
11, R11I01, 58.7424, -51.7672, -10
11, R11I01, 59.6058, -44.6973, -10
11, R11I01, 60.5656, -37.646, -10
11, R11I01, 62.2932, -30.4936, -10
11, R11I01, 64.6379, -23.5119, -10
11, R11I01, 67.5541, -16.6391, -10
11, R11I01, 70.9219, -9.97173, -10
11, R11I01, 77.7545, 2.5044, -10
11, R11I01, 86.828, 13.058, -10
11, R11I01, 91.1574, 15.207, -10
11, R11I01, 93.1553, 16.396, -10
11, R11I01, 94.848, 17.914, -10
11, R11I01, 96.2404, 22.872, -10
11, R11I01, 94.7462, 27.946, -10
11, R11I01, 92.5553, 32.982, -10
11, R11I01, 92.5176, 43.227, -10
11, R11I01, 95.3717, 53.517, -10
11, R11I01, 99.9034, 64.837, -10
11, R11I01, 105.346, 75.775, -10
11, R11I01, 109.069, 80.694, -10
11, R11I01, 110.954, 85.903, -10
11, R11I01, 108.957, 88.771, -10
11, R11I01, 105.654, 90.683, -10
11, R11I01, 101.114, 91.696, -10
11, R11I01, 96.382, 91.805, -10
11, R11I01, 92.7466, 91.64, -10
11, R11I01, 89.1271, 91.262, -10
11, R11I01, 85.4951, 90.593, -10
11, R11I01, 81.8753, 89.846, -10
11, R11I01, 67.5855, 87.818, -10
11, R11I01, 60.3915, 87.138, -10
11, R11I01, 53.1836, 86.609, -10
11, R11I01, 38.7343, 85.849, -10
11, R11I01, 24.273, 85.322, -10
11, R11I01, 9.00932, 85.699, -10
11, R11I01, -6.0462, 84.544, -10
11, R11I01, -12.224, 83.109, -10
11, R11I01, -17.921, 80.556, -10
11, R11I01, -21.823, 77.261, -10
11, R11I01, -24.774, 73.1, -10
11, R11I01, -26.322, 67.531, -10
11, R11I01, -26.868, 61.647, -10
11, R11I01, -27.155, 55.562, -10
11, R11I01, -27.626, 49.498, -10
11, R11I01, -28.771, 43.4, -10
11, R11I01, -30.001, 37.406, -15
11, R11I01, -32.84, 26.878, -15
11, R11I01, -35.121, 20.204, -15
11, R11I01, -38.104, 13.847, -15
11, R11I01, -40.56, 10.314, -15
11, R11I01, -43.169, 6.879, -15
11, R11I01, -47.762, 0, -15
11, R11I01, -51.113, -10.5773, -15
11, R11I01, -50.375, -21.4479, -15
11, R11I01, -48.386, -25.9774, -15
11, R11I01, -45.54, -30.0376, -15
11, R11I01, -41.332, -33.7358, -15
11, R11I01, -36.63, -36.889, -15
11, R11I01, -26.643, -42.0415, -15
11, R11I01, -16.59, -47.8514, -15
11, R11I01, -4.7339, -56.0581, -15
11, R11I01, 6.97683, -64.4921, -15
11, R11I01, 11.2305, -67.3268, -15
11, R11I01, 15.5402, -70.0756, -15
11, R11I01, 23.1536, -75.2186, -15
11, R11I01, 31.3091, -79.0982, -15
11, R11I01, 38.0822, -80.7139, -15
11, R11I01, 44.6392, -79.8811, -15
11, R11I01, 48.2236, -76.9294, -15
11, R11I01, 51.0094, -73.0001, -15
11, R11I01, 53.1954, -69.3073, -15
11, R11I01, 54.1681, -67.3954, -15
11, R11I01, 55.0536, -65.4417, -15
11, R11I01, 57.0509, -58.8708, -15
11, R11I01, 58.4485, -52.1077, -15
11, R11I01, 59.7368, -45.2134, -15
11, R11I01, 61.0586, -38.326, -15
11, R11I01, 62.4977, -31.1772, -15
11, R11I01, 64.3756, -24.1476, -15
11, R11I01, 67.4716, -16.9921, -15
11, R11I01, 70.9219, -9.97173, -15
11, R11I01, 73.3686, -4.03199, -15
11, R11I01, 75.8801, 1.8768, -15
11, R11I01, 78.749, 7.6548, -15
11, R11I01, 82.2272, 13.058, -15
11, R11I01, 84.0439, 15.214, -15
11, R11I01, 85.9764, 17.271, -15
11, R11I01, 88.5918, 19.431, -15
11, R11I01, 90.7808, 21.89, -15
11, R11I01, 91.2961, 26.178, -15
11, R11I01, 90.6112, 30.772, -15
11, R11I01, 90.3236, 34.252, -15
11, R11I01, 90.3048, 37.739, -15
11, R11I01, 91.1533, 43.406, -15
11, R11I01, 92.5821, 48.988, -15
11, R11I01, 94.0979, 54.454, -15
11, R11I01, 95.8645, 59.839, -15
11, R11I01, 99.4346, 67.904, -15
11, R11I01, 103.672, 75.659, -15
11, R11I01, 105.182, 78.121, -15
11, R11I01, 106.63, 80.615, -15
11, R11I01, 108.139, 83.131, -15
11, R11I01, 108.914, 85.811, -15
11, R11I01, 108.655, 87.525, -15
11, R11I01, 107.845, 89.044, -15
11, R11I01, 105.895, 90.159, -15
11, R11I01, 103.568, 90.718, -15
11, R11I01, 98.2324, 91.705, -15
11, R11I01, 92.8333, 92.122, -15
11, R11I01, 83.1863, 90.365, -15
11, R11I01, 73.6088, 87.72, -15
11, R11I01, 55.0847, 85.951, -15
11, R11I01, 36.361, 85.438, -15
11, R11I01, 30.3139, 84.877, -15
11, R11I01, 27.2932, 84.562, -15
11, R11I01, 24.273, 84.241, -15
11, R11I01, 13.7941, 84.649, -15
11, R11I01, 3.31825, 85.022, -15
11, R11I01, -6.5804, 84.135, -15
11, R11I01, -15.695, 80.844, -15
11, R11I01, -20.702, 76.93, -15
11, R11I01, -24.345, 71.801, -15
11, R11I01, -25.506, 66.655, -15
11, R11I01, -25.936, 61.281, -15
11, R11I01, -27.556, 49.275, -15
11, R11I01, -29.174, 39.446, -20
11, R11I01, -30.498, 32.875, -20
11, R11I01, -32.015, 26.351, -20
11, R11I01, -33.759, 19.98, -20
11, R11I01, -36.134, 13.847, -20
11, R11I01, -38.208, 10.317, -20
11, R11I01, -40.449, 6.879, -20
11, R11I01, -42.586, 3.4915, -20
11, R11I01, -44.537, 0, -20
11, R11I01, -46.529, -4.42243, -20
11, R11I01, -47.958, -9.0456, -20
11, R11I01, -48.665, -13.7443, -20
11, R11I01, -48.696, -18.4982, -20
11, R11I01, -48.383, -21.4479, -20
11, R11I01, -45.896, -26.7892, -20
11, R11I01, -41.824, -31.2299, -20
11, R11I01, -39.042, -33.2803, -20
11, R11I01, -36.109, -35.1311, -20
11, R11I01, -26.354, -40.5338, -20
11, R11I01, -16.59, -45.9214, -20
11, R11I01, -4.6713, -53.99, -20
11, R11I01, 1.15307, -58.2352, -20
11, R11I01, 6.97683, -62.4813, -20
11, R11I01, 10.9204, -65.2458, -20
11, R11I01, 14.9185, -67.9302, -20
11, R11I01, 22.7871, -73.1615, -20
11, R11I01, 31.1308, -77.4486, -20
11, R11I01, 34.1221, -78.5715, -20
11, R11I01, 37.2105, -79.2892, -20
11, R11I01, 40.2783, -79.3881, -20
11, R11I01, 43.2776, -78.8124, -20
11, R11I01, 47.1525, -76.4712, -20
11, R11I01, 50.2027, -73.0001, -20
11, R11I01, 51.7134, -70.2675, -20
11, R11I01, 52.955, -67.3845, -20
11, R11I01, 55.3851, -60.4759, -20
11, R11I01, 57.3662, -53.4164, -20
11, R11I01, 58.9593, -46.2444, -20
11, R11I01, 60.4718, -39.0524, -20
11, R11I01, 62.1399, -31.7333, -20
11, R11I01, 64.1699, -24.5148, -20
11, R11I01, 67.1296, -17.2118, -20
11, R11I01, 70.2684, -9.97173, -20
11, R11I01, 72.3125, -4.13933, -20
11, R11I01, 74.3243, 1.7057, -20
11, R11I01, 76.4602, 7.5227, -20
11, R11I01, 79.1665, 13.058, -20
11, R11I01, 80.7433, 15.352, -20
11, R11I01, 82.462, 17.547, -20
11, R11I01, 84.6261, 19.844, -20
11, R11I01, 86.5919, 22.278, -20
11, R11I01, 88.0567, 26.381, -20
11, R11I01, 88.8415, 30.772, -20
11, R11I01, 91.6126, 45.413, -20
11, R11I01, 92.8705, 52.676, -20
11, R11I01, 94.5235, 59.839, -20
11, R11I01, 97.8962, 68.129, -20
11, R11I01, 102.026, 76.12, -20
11, R11I01, 104.634, 81.132, -20
11, R11I01, 106.075, 83.707, -20
11, R11I01, 106.841, 86.415, -20
11, R11I01, 106.662, 87.924, -20
11, R11I01, 106.036, 89.29, -20
11, R11I01, 103.927, 90.437, -20
11, R11I01, 101.321, 90.841, -20
11, R11I01, 95.7347, 91.115, -20
11, R11I01, 90.1348, 90.834, -20
11, R11I01, 80.5146, 88.972, -20
11, R11I01, 70.9251, 86.838, -20
11, R11I01, 59.3304, 85.791, -20
11, R11I01, 47.6613, 85.367, -20
11, R11I01, 35.9697, 84.507, -20
11, R11I01, 24.273, 83.796, -20
11, R11I01, 16.1191, 83.876, -20
11, R11I01, 7.96469, 83.975, -20
11, R11I01, 0.0364, 84.06, -20
11, R11I01, -7.709, 83.01, -20
11, R11I01, -11.72, 81.52, -20
11, R11I01, -15.423, 79.388, -20
11, R11I01, -18.639, 76.727, -20
11, R11I01, -21.267, 73.506, -20
11, R11I01, -24.188, 64.44, -20
11, R11I01, -26.964, 50.245, -20
11, R11I01, -29.385, 37.406, -25
11, R11I01, -31.224, 26.351, -25
11, R11I01, -32.641, 19.969, -25
11, R11I01, -34.799, 13.847, -25
11, R11I01, -39.312, 6.879, -25
11, R11I01, -41.167, 3.4676, -25
11, R11I01, -42.918, 0, -25
11, R11I01, -47.308, -9.20211, -25
11, R11I01, -48.324, -13.8198, -25
11, R11I01, -48.368, -18.4982, -25
11, R11I01, -48.083, -19.987, -25
11, R11I01, -47.673, -21.4479, -25
11, R11I01, -43.463, -28.8873, -25
11, R11I01, -40.004, -31.9132, -25
11, R11I01, -36.109, -34.4364, -25
11, R11I01, -29.649, -37.6507, -25
11, R11I01, -23.088, -40.6873, -25
11, R11I01, -7.7622, -50.1825, -25
11, R11I01, -0.36944, -55.4035, -25
11, R11I01, 6.97683, -60.693, -25
11, R11I01, 14.9241, -66.356, -25
11, R11I01, 23.1704, -71.5368, -25
11, R11I01, 27.2321, -73.7262, -25
11, R11I01, 31.4511, -75.5649, -25
11, R11I01, 35.7976, -77.1209, -25
11, R11I01, 40.2577, -77.5885, -25
11, R11I01, 44.5073, -76.1227, -25
11, R11I01, 48.0956, -73.2726, -25
11, R11I01, 50.4651, -69.561, -25
11, R11I01, 52.2311, -65.4417, -25
11, R11I01, 55.8653, -53.355, -25
11, R11I01, 58.8657, -41.0504, -25
11, R11I01, 61.0345, -33.2144, -25
11, R11I01, 63.4511, -25.4528, -25
11, R11I01, 66.3121, -17.6896, -25
11, R11I01, 69.3022, -9.97173, -25
11, R11I01, 73.4662, 1.6811, -25
11, R11I01, 77.5637, 13.058, -25
11, R11I01, 80.3296, 17.969, -25
11, R11I01, 83.3061, 22.769, -25
11, R11I01, 84.7209, 25.153, -25
11, R11I01, 86.0816, 27.567, -25
11, R11I01, 87.3899, 30.006, -25
11, R11I01, 88.5624, 32.51, -25
11, R11I01, 90.2534, 39.223, -25
11, R11I01, 91.2465, 46.147, -25
11, R11I01, 92.3313, 53.132, -25
11, R11I01, 93.7855, 60.039, -25
11, R11I01, 97.2388, 70.311, -25
11, R11I01, 101.956, 80.082, -25
11, R11I01, 103.349, 82.092, -25
11, R11I01, 104.383, 84.232, -25
11, R11I01, 104.578, 86.304, -25
11, R11I01, 103.981, 88.246, -25
11, R11I01, 101.516, 89.558, -25
11, R11I01, 98.3588, 89.863, -25
11, R11I01, 92.5309, 89.846, -25
11, R11I01, 86.7146, 89.316, -25
11, R11I01, 80.3937, 88.227, -25
11, R11I01, 74.0923, 87.001, -25
11, R11I01, 66.3217, 85.763, -25
11, R11I01, 58.51, 84.816, -25
11, R11I01, 50.7438, 84.293, -25
11, R11I01, 42.9734, 83.812, -25
11, R11I01, 35.1393, 82.869, -25
11, R11I01, 27.3027, 81.957, -25
11, R11I01, 19.4855, 81.661, -25
11, R11I01, 11.658, 81.521, -25
11, R11I01, 0.65442, 81.656, -25
11, R11I01, -9.9633, 79.95, -25
11, R11I01, -15.766, 77.485, -25
11, R11I01, -20.391, 73.506, -25
11, R11I01, -22.043, 69.163, -25
11, R11I01, -22.885, 64.44, -25
11, R11I01, -24.32, 57.322, -25
11, R11I01, -25.943, 50.245, -25
11, R11I01, -27.711, 43.836, -25
11, R11I01, -29.169, 37.406, -30
11, R11I01, -30.977, 26.351, -30
11, R11I01, -32.558, 19.969, -30
11, R11I01, -34.865, 13.847, -30
11, R11I01, -36.999, 10.327, -30
11, R11I01, -39.269, 6.879, -30
11, R11I01, -41.191, 3.4903, -30
11, R11I01, -42.924, 0, -30
11, R11I01, -45.315, -5.13795, -30
11, R11I01, -46.991, -10.5003, -30
11, R11I01, -47.548, -15.9062, -30
11, R11I01, -46.779, -21.2357, -30
11, R11I01, -42.862, -27.4524, -30
11, R11I01, -37.141, -32.4616, -30
11, R11I01, -30.252, -36.4315, -30
11, R11I01, -23.088, -39.9821, -30
11, R11I01, -13.566, -45.7045, -30
11, R11I01, -4.2413, -51.7698, -30
11, R11I01, 3.97194, -56.8906, -30
11, R11I01, 12.199, -61.9896, -30
11, R11I01, 17.4879, -65.5098, -30
11, R11I01, 22.8934, -68.8281, -30
11, R11I01, 28.4705, -71.8534, -30
11, R11I01, 34.4064, -73.7898, -30
11, R11I01, 38.1152, -74.1704, -30
11, R11I01, 41.7312, -73.6179, -30
11, R11I01, 45.7571, -70.2127, -30
11, R11I01, 48.7445, -65.4417, -30
11, R11I01, 53.3865, -53.4878, -30
11, R11I01, 56.965, -41.0504, -30
11, R11I01, 62.4512, -25.4514, -30
11, R11I01, 65.3656, -17.7089, -30
11, R11I01, 68.2945, -9.97173, -30
11, R11I01, 72.6493, 1.6933, -30
11, R11I01, 76.5789, 13.058, -30
11, R11I01, 79.2827, 17.972, -30
11, R11I01, 82.3196, 22.757, -30
11, R11I01, 88.0283, 32.51, -30
11, R11I01, 90.379, 43.121, -30
11, R11I01, 91.6906, 54.061, -30
11, R11I01, 92.7889, 59.552, -30
11, R11I01, 94.2111, 64.966, -30
11, R11I01, 98.2621, 75.775, -30
11, R11I01, 101.328, 82.225, -30
11, R11I01, 101.741, 85.082, -30
11, R11I01, 101.14, 87.72, -30
11, R11I01, 97.6864, 88.905, -30
11, R11I01, 93.2144, 88.382, -30
11, R11I01, 85.4533, 87.442, -30
11, R11I01, 77.7005, 86.437, -30
11, R11I01, 70.2775, 85.358, -30
11, R11I01, 62.8568, 84.263, -30
11, R11I01, 55.4778, 83.376, -30
11, R11I01, 48.1308, 82.3, -30
11, R11I01, 42.2625, 80.867, -30
11, R11I01, 36.4025, 79.392, -30
11, R11I01, 30.3645, 78.308, -30
11, R11I01, 24.273, 77.555, -30
11, R11I01, 11.885, 77.408, -30
11, R11I01, -0.49361, 77.174, -30
11, R11I01, -8.8526, 76.693, -30
11, R11I01, -16.49, 74.239, -30
11, R11I01, -19.027, 72.347, -30
11, R11I01, -20.945, 69.903, -30
11, R11I01, -21.577, 67.24, -30
11, R11I01, -21.811, 64.44, -30
11, R11I01, -25.143, 50.245, -30
11, R11I01, -28.627, 37.406, -35
11, R11I01, -29.905, 31.882, -35
11, R11I01, -31.153, 26.351, -35
11, R11I01, -32.718, 19.997, -35
11, R11I01, -34.865, 13.847, -35
11, R11I01, -36.806, 10.338, -35
11, R11I01, -38.852, 6.879, -35
11, R11I01, -40.55, 3.4867, -35
11, R11I01, -42.048, 0, -35
11, R11I01, -44.852, -7.04847, -35
11, R11I01, -46.202, -14.364, -35
11, R11I01, -45.352, -21.2835, -35
11, R11I01, -42.305, -27.4505, -35
11, R11I01, -38.388, -30.6573, -35
11, R11I01, -33.921, -33.2746, -35
11, R11I01, -30.718, -35.3924, -35
11, R11I01, -27.504, -37.4907, -35
11, R11I01, -24.271, -39.2952, -35
11, R11I01, -20.997, -41.0276, -35
11, R11I01, -17.541, -42.9137, -35
11, R11I01, -14.142, -44.8995, -35
11, R11I01, -10.689, -47.2287, -35
11, R11I01, -7.2471, -49.5762, -35
11, R11I01, -1.4383, -52.9648, -35
11, R11I01, 4.5364, -56.0685, -35
11, R11I01, 8.93225, -58.27, -35
11, R11I01, 13.3493, -60.4288, -35
11, R11I01, 18.4818, -62.9736, -35
11, R11I01, 23.6955, -65.3346, -35
11, R11I01, 28.9511, -67.5153, -35
11, R11I01, 34.4064, -68.8827, -35
11, R11I01, 37.5924, -69.1305, -35
11, R11I01, 40.6945, -68.6648, -35
11, R11I01, 44.8569, -64.0183, -35
11, R11I01, 47.3038, -57.4165, -35
11, R11I01, 49.9637, -49.2128, -35
11, R11I01, 52.7339, -41.0504, -35
11, R11I01, 56.1031, -33.2075, -35
11, R11I01, 59.7532, -25.4818, -35
11, R11I01, 63.4441, -17.7532, -35
11, R11I01, 67.0183, -9.97173, -35
11, R11I01, 71.3185, 1.6251, -35
11, R11I01, 75.9615, 13.058, -35
11, R11I01, 81.78, 21.836, -35
11, R11I01, 87.2381, 30.772, -35
11, R11I01, 89.8897, 41.778, -35
11, R11I01, 91.1426, 53.22, -35
11, R11I01, 92.027, 58.898, -35
11, R11I01, 93.1203, 64.539, -35
11, R11I01, 94.35, 70.235, -35
11, R11I01, 96.077, 75.775, -35
11, R11I01, 97.4252, 78.275, -35
11, R11I01, 98.5763, 80.838, -35
11, R11I01, 99.2475, 83.259, -35
11, R11I01, 98.8211, 85.421, -35
11, R11I01, 97.3868, 86.162, -35
11, R11I01, 95.61, 86.338, -35
11, R11I01, 93.4643, 86.302, -35
11, R11I01, 91.3179, 86.16, -35
11, R11I01, 84.475, 85.884, -35
11, R11I01, 77.6346, 85.573, -35
11, R11I01, 70.1838, 84.931, -35
11, R11I01, 62.7678, 83.968, -35
11, R11I01, 55.4137, 82.7, -35
11, R11I01, 48.1308, 81.079, -35
11, R11I01, 42.2658, 79.329, -35
11, R11I01, 36.4025, 77.572, -35
11, R11I01, 30.3729, 76.139, -35
11, R11I01, 24.273, 75.039, -35
11, R11I01, 11.9216, 74.145, -35
11, R11I01, -0.49361, 73.88, -35
11, R11I01, -5.9955, 74.001, -35
11, R11I01, -11.346, 73.322, -35
11, R11I01, -16.232, 71.021, -35
11, R11I01, -19.957, 67.219, -35
11, R11I01, -21.066, 64.514, -35
11, R11I01, -21.815, 61.647, -35
11, R11I01, -23.113, 55.939, -35
11, R11I01, -24.461, 50.245, -35
11, R11I01, -26.55, 43.827, -35
11, R11I01, -27.727, 37.406, -40
11, R11I01, -31.14, 26.351, -40
11, R11I01, -32.788, 20.017, -40
11, R11I01, -34.865, 13.847, -40
11, R11I01, -36.865, 10.354, -40
11, R11I01, -38.906, 6.879, -40
11, R11I01, -40.32, 3.4948, -40
11, R11I01, -41.466, 0, -40
11, R11I01, -44.256, -9.16476, -40
11, R11I01, -45.08, -18.4982, -40
11, R11I01, -44.578, -21.5596, -40
11, R11I01, -43.679, -24.5257, -40
11, R11I01, -39.939, -29.2229, -40
11, R11I01, -34.901, -32.8818, -40
11, R11I01, -29.064, -35.9455, -40
11, R11I01, -23.088, -38.7732, -40
11, R11I01, -13.636, -44.3809, -40
11, R11I01, -4.2413, -50.1014, -40
11, R11I01, 4.40867, -54.5615, -40
11, R11I01, 13.3493, -58.4013, -40
11, R11I01, 23.5871, -62.1487, -40
11, R11I01, 34.1584, -64.5198, -40
11, R11I01, 36.4069, -64.8668, -40
11, R11I01, 38.6336, -64.8327, -40
11, R11I01, 42.2527, -61.2539, -40
11, R11I01, 44.3568, -55.6883, -40
11, R11I01, 46.3771, -48.3777, -40
11, R11I01, 48.3485, -41.0504, -40
11, R11I01, 55.7964, -25.2073, -40
11, R11I01, 59.4382, -17.5624, -40
11, R11I01, 63.1896, -9.97173, -40
11, R11I01, 69.4607, 1.6372, -40
11, R11I01, 76.0752, 13.058, -40
11, R11I01, 82.5513, 22.54, -40
11, R11I01, 87.964, 32.51, -40
11, R11I01, 89.7739, 43.139, -40
11, R11I01, 90.5195, 54.058, -40
11, R11I01, 92.6573, 64.945, -40
11, R11I01, 95.1758, 75.775, -40
11, R11I01, 95.9893, 78.511, -40
11, R11I01, 96.1561, 81.22, -40
11, R11I01, 95.5505, 82.744, -40
11, R11I01, 94.4971, 84, -40
11, R11I01, 91.9185, 84.714, -40
11, R11I01, 89.014, 84.651, -40
11, R11I01, 83.3238, 84.805, -40
11, R11I01, 77.6346, 84.913, -40
11, R11I01, 62.7548, 83.371, -40
11, R11I01, 48.1308, 79.967, -40
11, R11I01, 42.261, 78.16, -40
11, R11I01, 36.4025, 76.313, -40
11, R11I01, 30.3775, 74.518, -40
11, R11I01, 24.273, 73.052, -40
11, R11I01, 11.8948, 72.686, -40
11, R11I01, -0.49361, 72.374, -40
11, R11I01, -9.6721, 71.171, -40
11, R11I01, -13.823, 69.677, -40
11, R11I01, -17.344, 67.219, -40
11, R11I01, -18.366, 65.878, -40
11, R11I01, -19.256, 64.44, -40
11, R11I01, -21.764, 57.509, -40
11, R11I01, -23.518, 50.245, -40
11, R11I01, -25.554, 43.805, -40
11, R11I01, -26.12, 42.267, -45
11, R11I01, -31.296, 27.483, -45
11, R11I01, -35.86, 12.446, -45
11, R11I01, -38.96, 4.8062, -45
11, R11I01, -41.773, -2.92029, -45
11, R11I01, -43.879, -10.6658, -45
11, R11I01, -44.158, -18.4982, -45
11, R11I01, -42.685, -23.6161, -45
11, R11I01, -39.948, -28.1711, -45
11, R11I01, -36.142, -31.4439, -45
11, R11I01, -31.769, -34.0693, -45
11, R11I01, -27.452, -36.3341, -45
11, R11I01, -23.088, -38.5137, -45
11, R11I01, -17.817, -41.2368, -45
11, R11I01, -12.582, -44.0276, -45
11, R11I01, -7.221, -47.0819, -45
11, R11I01, -1.7989, -50.016, -45
11, R11I01, 5.63715, -53.3443, -45
11, R11I01, 13.3285, -56.0312, -45
11, R11I01, 18.6376, -57.5792, -45
11, R11I01, 24.0497, -58.6173, -45
11, R11I01, 29.3159, -59.1624, -45
11, R11I01, 34.4064, -58.4223, -45
11, R11I01, 38.6372, -55.4409, -45
11, R11I01, 41.9477, -51.2337, -45
11, R11I01, 44.4904, -46.2489, -45
11, R11I01, 46.6544, -41.0504, -45
11, R11I01, 50.2551, -33.1968, -45
11, R11I01, 54.0333, -25.4243, -45
11, R11I01, 57.7889, -17.6552, -45
11, R11I01, 61.71, -9.97173, -45
11, R11I01, 68.6395, 1.6913, -45
11, R11I01, 76.0685, 13.058, -45
11, R11I01, 79.4167, 17.916, -45
11, R11I01, 82.6008, 22.875, -45
11, R11I01, 85.171, 27.592, -45
11, R11I01, 87.3159, 32.51, -45
11, R11I01, 89.4908, 43.572, -45
11, R11I01, 90.4651, 54.941, -45
11, R11I01, 91.9418, 65.358, -45
11, R11I01, 93.4208, 75.775, -45
11, R11I01, 93.9203, 78.014, -45
11, R11I01, 93.8524, 80.165, -45
11, R11I01, 91.6217, 81.888, -45
11, R11I01, 88.4128, 82.634, -45
11, R11I01, 82.3947, 83.286, -45
11, R11I01, 76.321, 83.333, -45
11, R11I01, 69.2001, 82.938, -45
11, R11I01, 62.1184, 82.085, -45
11, R11I01, 55.0717, 80.812, -45
11, R11I01, 48.1308, 79.064, -45
11, R11I01, 43.3611, 77.404, -45
11, R11I01, 38.6047, 75.701, -45
11, R11I01, 33.9266, 74.399, -45
11, R11I01, 29.2391, 73.126, -45
11, R11I01, 26.7622, 72.267, -45
11, R11I01, 24.273, 71.45, -45
11, R11I01, 17.6122, 70.498, -45
11, R11I01, 10.8291, 70.225, -45
11, R11I01, 4.45207, 70.144, -45
11, R11I01, -1.8373, 69.458, -45
11, R11I01, -8.9447, 67.23, -45
11, R11I01, -15.01, 63.132, -45
11, R11I01, -17.967, 58.538, -45
11, R11I01, -20.272, 53.46, -45
11, R11I01, -23.233, 47.88, -45
11, R11I01, -27.877, 37.406, -50
11, R11I01, -32.278, 23.677, -50
11, R11I01, -35.978, 9.6843, -50
11, R11I01, -38.39, 2.689, -50
11, R11I01, -40.619, -4.35572, -50
11, R11I01, -42.01, -11.3988, -50
11, R11I01, -42.216, -18.4982, -50
11, R11I01, -38.977, -26.9201, -50
11, R11I01, -31.769, -32.9931, -50
11, R11I01, -24.665, -36.756, -50
11, R11I01, -17.264, -40.0194, -50
11, R11I01, -9.6325, -44.0812, -50
11, R11I01, -1.9237, -47.9665, -50
11, R11I01, 5.57144, -50.8887, -50
11, R11I01, 13.3493, -52.853, -50
11, R11I01, 18.2752, -53.4828, -50
11, R11I01, 23.2322, -53.557, -50
11, R11I01, 27.9146, -53.1285, -50
11, R11I01, 32.4181, -51.9163, -50
11, R11I01, 40.0039, -46.5207, -50
11, R11I01, 43.7372, -41.0504, -50
11, R11I01, 46.5516, -37.4051, -50
11, R11I01, 49.2669, -33.6931, -50
11, R11I01, 53.3918, -25.9889, -50
11, R11I01, 57.4215, -17.9517, -50
11, R11I01, 61.5563, -9.97173, -50
11, R11I01, 68.7979, 1.6529, -50
11, R11I01, 76.4118, 13.058, -50
11, R11I01, 79.5995, 17.906, -50
11, R11I01, 82.5807, 22.875, -50
11, R11I01, 84.5584, 26.764, -50
11, R11I01, 86.2814, 30.772, -50
11, R11I01, 89.321, 45.087, -50
11, R11I01, 89.9877, 52.464, -50
11, R11I01, 90.4179, 59.868, -50
11, R11I01, 91.1568, 66.217, -50
11, R11I01, 91.4498, 72.564, -50
11, R11I01, 91.4162, 75.21, -50
11, R11I01, 90.7546, 77.652, -50
11, R11I01, 88.082, 79.498, -50
11, R11I01, 84.5927, 80.307, -50
11, R11I01, 80.4736, 80.802, -50
11, R11I01, 76.321, 81.003, -50
11, R11I01, 64.5173, 80.739, -50
11, R11I01, 52.8295, 79.128, -50
11, R11I01, 40.9639, 75.383, -50
11, R11I01, 29.2391, 71.075, -50
11, R11I01, 26.7616, 70.331, -50
11, R11I01, 24.273, 69.625, -50
11, R11I01, 16.1458, 67.615, -50
11, R11I01, 8.0117, 65.63, -50
11, R11I01, 0.52885, 63.743, -50
11, R11I01, -6.7428, 61.258, -50
11, R11I01, -10.09, 59.689, -50
11, R11I01, -13.267, 57.814, -50
11, R11I01, -18.2, 53.572, -50
11, R11I01, -22.311, 48.488, -50
11, R11I01, -19.817, 49.543, -55
11, R11I01, -26.278, 40.974, -55
11, R11I01, -30.619, 31.009, -55
11, R11I01, -32.598, 22.19, -55
11, R11I01, -34.011, 13.219, -55
11, R11I01, -35.942, 3.8253, -55
11, R11I01, -37.968, -5.551, -55
11, R11I01, -39.255, -10.527, -55
11, R11I01, -39.839, -15.5455, -55
11, R11I01, -38.748, -20.4937, -55
11, R11I01, -36.445, -25.0832, -55
11, R11I01, -30.556, -31.44, -55
11, R11I01, -23.088, -36.0514, -55
11, R11I01, -17.999, -37.7834, -55
11, R11I01, -12.866, -39.4195, -55
11, R11I01, -7.3606, -42.4268, -55
11, R11I01, -1.9237, -45.5962, -55
11, R11I01, 5.50367, -48.8185, -55
11, R11I01, 13.3493, -50.5507, -55
11, R11I01, 20.5507, -50.3542, -55
11, R11I01, 27.5876, -48.7001, -55
11, R11I01, 34.5994, -45.4889, -55
11, R11I01, 40.9298, -41.0504, -55
11, R11I01, 47.2592, -34.3128, -55
11, R11I01, 52.4994, -26.622, -55
11, R11I01, 56.0558, -19.6205, -55
11, R11I01, 59.5424, -12.5774, -55
11, R11I01, 64.2081, -5.38365, -55
11, R11I01, 69.1876, 1.6198, -55
11, R11I01, 73.9811, 8.5812, -55
11, R11I01, 78.4426, 15.75, -55
11, R11I01, 82.4086, 23.093, -55
11, R11I01, 85.6247, 30.772, -55
11, R11I01, 87.9469, 41.182, -55
11, R11I01, 89.0746, 51.854, -55
11, R11I01, 89.4343, 56.539, -55
11, R11I01, 89.778, 61.224, -55
11, R11I01, 90.5877, 65.774, -55
11, R11I01, 90.5859, 70.241, -55
11, R11I01, 88.3941, 73.575, -55
11, R11I01, 85.0522, 76.075, -55
11, R11I01, 80.8272, 77.877, -55
11, R11I01, 76.321, 78.961, -55
11, R11I01, 66.4595, 79.557, -55
11, R11I01, 56.6415, 78.147, -55
11, R11I01, 51.5584, 76.597, -55
11, R11I01, 46.5693, 74.735, -55
11, R11I01, 41.6959, 72.803, -55
11, R11I01, 36.8352, 70.837, -55
11, R11I01, 29.3705, 67.769, -55
11, R11I01, 21.8214, 64.93, -55
11, R11I01, 14.2261, 62.72, -55
11, R11I01, 6.56314, 60.729, -55
11, R11I01, -1.9611, 58.793, -55
11, R11I01, -10.171, 56.027, -55
11, R11I01, -15.261, 53.174, -55
11, R11I01, -17.375, 50.568, -60
11, R11I01, -22.204, 46.023, -60
11, R11I01, -25.955, 40.449, -60
11, R11I01, -28.882, 34.128, -60
11, R11I01, -30.835, 27.433, -60
11, R11I01, -31.902, 19.351, -60
11, R11I01, -32.323, 11.167, -60
11, R11I01, -33.02, 2.8094, -60
11, R11I01, -33.315, -5.551, -60
11, R11I01, -33.104, -11.8085, -60
11, R11I01, -31.861, -17.8602, -60
11, R11I01, -27.37, -25.0985, -60
11, R11I01, -20.759, -30.701, -60
11, R11I01, -15.051, -33.3409, -60
11, R11I01, -9.1161, -35.5711, -60
11, R11I01, 1.74971, -42.4036, -60
11, R11I01, 13.0383, -47.5964, -60
11, R11I01, 23.6187, -47.1813, -60
11, R11I01, 28.8239, -45.655, -60
11, R11I01, 33.7819, -43.4175, -60
11, R11I01, 40.428, -38.4643, -60
11, R11I01, 47.0253, -32.3876, -60
11, R11I01, 52.168, -25.5186, -60
11, R11I01, 55.8529, -18.3097, -60
11, R11I01, 61.0449, -9.97173, -60
11, R11I01, 66.5859, -1.82315, -60
11, R11I01, 72.1137, 6.3338, -60
11, R11I01, 77.4721, 14.562, -60
11, R11I01, 82.1462, 23.162, -60
11, R11I01, 84.0619, 27.771, -60
11, R11I01, 85.6206, 32.51, -60
11, R11I01, 87.16, 40.139, -60
11, R11I01, 87.9182, 47.906, -60
11, R11I01, 87.9925, 55.008, -60
11, R11I01, 87.9661, 62.115, -60
11, R11I01, 88.303, 65.03, -60
11, R11I01, 88.2484, 67.901, -60
11, R11I01, 86.903, 70.797, -60
11, R11I01, 84.7507, 73.277, -60
11, R11I01, 77.7686, 77.086, -60
11, R11I01, 69.6796, 78.435, -60
11, R11I01, 61.1075, 77.584, -60
11, R11I01, 52.7803, 75.074, -60
11, R11I01, 50.0331, 74.019, -60
11, R11I01, 47.3445, 72.826, -60
11, R11I01, 42.0165, 69.474, -60
11, R11I01, 36.8352, 65.853, -60
11, R11I01, 34.9302, 64.676, -60
11, R11I01, 32.979, 63.579, -60
11, R11I01, 27.3841, 61.249, -60
11, R11I01, 21.5627, 59.474, -60
11, R11I01, 13.7753, 57.592, -60
11, R11I01, 5.9014, 56.088, -60
11, R11I01, -2.2161, 55.283, -60
11, R11I01, -10.171, 53.847, -60
11, R11I01, -13.895, 52.462, -60
11, R11I01, -14.824, 50.826, -65
11, R11I01, -21.274, 45.57, -65
11, R11I01, -26.036, 38.537, -65
11, R11I01, -29.36, 29.715, -65
11, R11I01, -30.761, 20.351, -65
11, R11I01, -30.325, 10.558, -65
11, R11I01, -28.043, 1.0197, -65
11, R11I01, -20.313, -12.4946, -65
11, R11I01, -9.5245, -24.0747, -65
11, R11I01, 0.95263, -33.6848, -65
11, R11I01, 13.0383, -40.4461, -65
11, R11I01, 22.4836, -42.2647, -65
11, R11I01, 31.9496, -41.2359, -65
11, R11I01, 39.115, -37.6607, -65
11, R11I01, 45.2975, -32.4085, -65
11, R11I01, 50.1428, -26.0469, -65
11, R11I01, 54.401, -19.2068, -65
11, R11I01, 58.9116, -12.1487, -65
11, R11I01, 63.5013, -5.14174, -65
11, R11I01, 68.4526, 2.0368, -65
11, R11I01, 73.2905, 9.288, -65
11, R11I01, 77.8024, 16.572, -65
11, R11I01, 81.6848, 24.184, -65
11, R11I01, 84.4841, 31.956, -65
11, R11I01, 86.3143, 40.013, -65
11, R11I01, 87.2257, 51.001, -65
11, R11I01, 86.2985, 61.979, -65
11, R11I01, 85.7443, 65.8, -65
11, R11I01, 84.5364, 69.377, -65
11, R11I01, 80.5991, 73.151, -65
11, R11I01, 75.3494, 75.353, -65
11, R11I01, 68.3078, 75.945, -65
11, R11I01, 61.1956, 74.911, -65
11, R11I01, 54.0901, 72.846, -65
11, R11I01, 47.3445, 69.806, -65
11, R11I01, 42.0517, 66.129, -65
11, R11I01, 36.8352, 62.318, -65
11, R11I01, 29.0169, 57.892, -65
11, R11I01, 20.6185, 54.768, -65
11, R11I01, 13.3192, 53.585, -65
11, R11I01, 5.9014, 53.092, -65
11, R11I01, -2.2088, 53.253, -65
11, R11I01, -10.171, 52.537, -65
11, R11I01, -12.547, 51.811, -65
11, R11I01, -16.642, 48.488, -70
11, R11I01, -22.193, 43.288, -70
11, R11I01, -26.096, 36.578, -70
11, R11I01, -28.542, 28.908, -70
11, R11I01, -29.324, 20.887, -70
11, R11I01, -26.109, 7.1305, -70
11, R11I01, -18.825, -5.29721, -70
11, R11I01, -11.289, -13.3222, -70
11, R11I01, -2.8114, -20.4528, -70
11, R11I01, 4.76935, -26.8662, -70
11, R11I01, 13.0383, -32.1307, -70
11, R11I01, 24.0341, -35.7002, -70
11, R11I01, 35.3062, -35.2179, -70
11, R11I01, 44.1545, -29.5638, -70
11, R11I01, 51.3376, -21.3014, -70
11, R11I01, 55.7977, -14.9423, -70
11, R11I01, 60.0853, -8.45499, -70
11, R11I01, 65.2023, -1.45596, -70
11, R11I01, 70.2577, 5.5842, -70
11, R11I01, 75.0753, 13.025, -70
11, R11I01, 79.2407, 20.83, -70
11, R11I01, 82.4378, 28.851, -70
11, R11I01, 84.637, 37.192, -70
11, R11I01, 85.8871, 46.807, -70
11, R11I01, 85.4516, 56.447, -70
11, R11I01, 84.7471, 60.824, -70
11, R11I01, 83.2693, 64.926, -70
11, R11I01, 80.7916, 68.152, -70
11, R11I01, 77.5392, 70.627, -70
11, R11I01, 70.3238, 72.167, -70
11, R11I01, 62.6313, 71.396, -70
11, R11I01, 54.8013, 69.599, -70
11, R11I01, 47.3445, 66.661, -70
11, R11I01, 42.0346, 63.179, -70
11, R11I01, 36.8352, 59.495, -70
11, R11I01, 30.2618, 55.666, -70
11, R11I01, 23.2476, 52.8, -70
11, R11I01, 15.9631, 51.469, -70
11, R11I01, 8.52312, 50.973, -70
11, R11I01, -0.90441, 51.475, -70
11, R11I01, -10.171, 50.964, -70
11, R11I01, -13.511, 49.979, -70
11, R11I01, -10.171, 49.072, -75
11, R11I01, -18.286, 44.612, -75
11, R11I01, -24.235, 37.394, -75
11, R11I01, -27.141, 29.15, -75
11, R11I01, -27.437, 20.351, -75
11, R11I01, -24.637, 11.354, -75
11, R11I01, -19.749, 3.1117, -75
11, R11I01, -12.173, -5.52921, -75
11, R11I01, -3.4737, -13.141, -75
11, R11I01, 4.36816, -19.5415, -75
11, R11I01, 12.9056, -24.8062, -75
11, R11I01, 24.319, -29.1121, -75
11, R11I01, 35.9783, -29.0097, -75
11, R11I01, 42.7019, -24.8903, -75
11, R11I01, 48.4773, -19.1354, -75
11, R11I01, 53.49, -13.534, -75
11, R11I01, 58.3313, -7.77884, -75
11, R11I01, 64.8668, -0.17941, -75
11, R11I01, 70.9384, 7.7631, -75
11, R11I01, 77.8589, 19.645, -75
11, R11I01, 82.5587, 32.51, -75
11, R11I01, 84.5917, 43.018, -75
11, R11I01, 84.3238, 53.586, -75
11, R11I01, 83.4066, 58.344, -75
11, R11I01, 81.3842, 62.582, -75
11, R11I01, 76.2024, 65.721, -75
11, R11I01, 69.8451, 66.91, -75
11, R11I01, 58.033, 66.014, -75
11, R11I01, 46.8172, 61.888, -75
11, R11I01, 41.7537, 58.66, -75
11, R11I01, 36.8352, 55.18, -75
11, R11I01, 34.4388, 53.593, -75
11, R11I01, 31.9638, 52.14, -75
11, R11I01, 20.5871, 49.218, -75
11, R11I01, 8.52312, 48.763, -75
11, R11I01, -0.95928, 49.664, -75
11, R11I01, -13.164, 45.184, -80
11, R11I01, -18.671, 40.306, -80
11, R11I01, -22.414, 33.826, -80
11, R11I01, -24.325, 26.992, -80
11, R11I01, -24.277, 19.929, -80
11, R11I01, -19.472, 10.773, -80
11, R11I01, -11.931, 2.9514, -80
11, R11I01, -0.66656, -7.34482, -80
11, R11I01, 10.1423, -16.0833, -80
11, R11I01, 18.8436, -21.8715, -80
11, R11I01, 28.3682, -24.6569, -80
11, R11I01, 34.729, -24.6437, -80
11, R11I01, 42.4616, -20.0447, -80
11, R11I01, 48.5249, -15.2725, -80
11, R11I01, 54.1522, -9.97173, -80
11, R11I01, 63.0333, -0.64708, -80
11, R11I01, 71.294, 9.552, -80
11, R11I01, 75.1611, 16.183, -80
11, R11I01, 78.3808, 23.162, -80
11, R11I01, 80.2135, 27.78, -80
11, R11I01, 81.7135, 32.51, -80
11, R11I01, 82.6028, 36.433, -80
11, R11I01, 83.1365, 40.417, -80
11, R11I01, 83.1122, 47.455, -80
11, R11I01, 82.2181, 54.353, -80
11, R11I01, 80.7099, 58.04, -80
11, R11I01, 78.8509, 59.637, -80
11, R11I01, 69.4084, 61.488, -80
11, R11I01, 58.0539, 60.122, -80
11, R11I01, 47.3445, 55.748, -80
11, R11I01, 44.0312, 53.728, -80
11, R11I01, 40.775, 51.609, -80
11, R11I01, 32.979, 46.955, -80
11, R11I01, 20.9861, 44.833, -80
11, R11I01, 8.52312, 45.366, -80
11, R11I01, -1.1218, 46.162, -80
11, R11I01, -10.192, 46.506, -80
11, R11I01, -12.632, 40.263, -85
11, R11I01, -16.974, 35.89, -85
11, R11I01, -19.202, 29.925, -85
11, R11I01, -19.272, 24.278, -85
11, R11I01, -17.697, 18.83, -85
11, R11I01, -14.146, 14.11, -85
11, R11I01, -9.8016, 8.7586, -85
11, R11I01, -4.4801, 2.7834, -85
11, R11I01, 1.18265, -2.865, -85
11, R11I01, 7.19331, -8.12339, -85
11, R11I01, 13.5681, -12.929, -85
11, R11I01, 20.6265, -18.0499, -85
11, R11I01, 28.389, -21.2422, -85
11, R11I01, 35.0247, -20.9392, -85
11, R11I01, 41.4438, -18.7814, -85
11, R11I01, 47.6463, -14.5602, -85
11, R11I01, 52.5688, -9.97173, -85
11, R11I01, 61.3733, -1.50866, -85
11, R11I01, 65.6016, 2.9876, -85
11, R11I01, 69.4925, 7.7631, -85
11, R11I01, 74.0233, 15.36, -85
11, R11I01, 77.6263, 23.476, -85
11, R11I01, 80.3972, 31.791, -85
11, R11I01, 81.9136, 40.417, -85
11, R11I01, 81.8444, 47.052, -85
11, R11I01, 80.228, 53.109, -85
11, R11I01, 77.2716, 55.445, -85
11, R11I01, 73.5994, 56.757, -85
11, R11I01, 65.1062, 56.886, -85
11, R11I01, 54.3466, 51.882, -85
11, R11I01, 44.118, 45.033, -85
11, R11I01, 34.8245, 40.237, -85
11, R11I01, 29.9419, 38.522, -85
11, R11I01, 24.9004, 37.425, -85
11, R11I01, 16.7191, 37.836, -85
11, R11I01, 8.52312, 39.254, -85
11, R11I01, -0.92277, 41.312, -85
11, R11I01, -10.192, 41.211, -85
11, R11I01, 9.50314, 31.72, -90
11, R11I01, 4.22244, 32.864, -90
11, R11I01, 1.57082, 32.975, -90
11, R11I01, -1.0797, 32.81, -90
11, R11I01, -6.8152, 30.077, -90
11, R11I01, -9.1245, 25.235, -90
11, R11I01, -9.0082, 19.656, -90
11, R11I01, -5.9068, 13.448, -90
11, R11I01, -1.7881, 7.7205, -90
11, R11I01, 3.43604, 0.6247, -90
11, R11I01, 9.22075, -5.97536, -90
11, R11I01, 18.8017, -13.5603, -90
11, R11I01, 28.7496, -18.6878, -90
11, R11I01, 39.1915, -18.7491, -90
11, R11I01, 45.4169, -15.0439, -90
11, R11I01, 50.9441, -9.97173, -90
11, R11I01, 55.754, -5.86682, -90
11, R11I01, 60.4558, -1.64779, -90
11, R11I01, 64.8301, 2.8688, -90
11, R11I01, 68.7631, 7.7631, -90
11, R11I01, 73.2307, 15.207, -90
11, R11I01, 76.7573, 23.162, -90
11, R11I01, 78.4073, 27.775, -90
11, R11I01, 79.61, 32.51, -90
11, R11I01, 80.1736, 40.417, -90
11, R11I01, 78.5394, 46.502, -90
11, R11I01, 74.6909, 51.001, -90
11, R11I01, 69.1503, 51.619, -90
11, R11I01, 63.3937, 49.748, -90
11, R11I01, 56.0461, 45.091, -90
11, R11I01, 48.6153, 40.845, -90
11, R11I01, 40.9635, 37.02, -90
11, R11I01, 34.9247, 34.27, -90
11, R11I01, 28.6818, 32.1, -90
11, R11I01, 22.3876, 30.858, -90
11, R11I01, 15.9943, 30.654, -90
11, R11I01, 0.11799, 14.23, -95
11, R11I01, 2.15535, 9.4795, -95
11, R11I01, 5.26232, 4.0154, -95
11, R11I01, 8.95544, -1.0776, -95
11, R11I01, 17.7218, -9.97921, -95
11, R11I01, 34.8085, -17.9692, -95
11, R11I01, 39.4304, -18.008, -95
11, R11I01, 44.4764, -15.1409, -95
11, R11I01, 49.9809, -9.47859, -95
11, R11I01, 56.7244, -3.26825, -95
11, R11I01, 62.1898, 2.0641, -95
11, R11I01, 67.2457, 7.7631, -95
11, R11I01, 72.4128, 15.396, -95
11, R11I01, 75.9681, 24.322, -95
11, R11I01, 77.2978, 32.51, -95
11, R11I01, 77.1622, 36.578, -95
11, R11I01, 75.8423, 40.221, -95
11, R11I01, 72.5678, 42.47, -95
11, R11I01, 68.4538, 43.379, -95
11, R11I01, 60.9599, 41.736, -95
11, R11I01, 53.7773, 38.128, -95
11, R11I01, 45.1264, 33.848, -95
11, R11I01, 36.4066, 29.922, -95
11, R11I01, 27.4981, 26.461, -95
11, R11I01, 20.4663, 25.751, -95
11, R11I01, 13.4418, 25.014, -95
11, R11I01, 7.24725, 23.466, -95
11, R11I01, 4.53873, 22.057, -95
11, R11I01, 2.26722, 20.089, -95
11, R11I01, 0.64347, 17.339, -95
11, R11I01, 6.02666, 12.181, -100
11, R11I01, 6.40649, 7.4226, -100
11, R11I01, 8.45385, 2.8363, -100
11, R11I01, 16.2481, -5.86504, -100
11, R11I01, 23.1513, -11.1226, -100
11, R11I01, 30.8845, -15.0042, -100
11, R11I01, 35.3649, -16.7917, -100
11, R11I01, 39.9911, -17.0706, -100
11, R11I01, 43.6874, -14.9988, -100
11, R11I01, 47.806, -9.97173, -100
11, R11I01, 51.6549, -5.66305, -100
11, R11I01, 55.774, -1.59153, -100
11, R11I01, 59.4118, 2.8855, -100
11, R11I01, 64.1368, 7.7631, -100
11, R11I01, 69.4948, 15.008, -100
11, R11I01, 72.2931, 23.78, -100
11, R11I01, 71.0278, 31.989, -100
11, R11I01, 64.1862, 35.992, -100
11, R11I01, 58.1655, 35.957, -100
11, R11I01, 50.8462, 32.425, -100
11, R11I01, 41.3177, 27.772, -100
11, R11I01, 33.7826, 24.046, -100
11, R11I01, 24.3897, 21.401, -100
11, R11I01, 13.8338, 18.841, -100
11, R11I01, 8.33752, 16.175, -100
11, R11I01, 21.7414, 16.589, -105
11, R11I01, 15.9958, 15.533, -105
11, R11I01, 10.9678, 13.247, -105
11, R11I01, 9.34973, 11.419, -105
11, R11I01, 8.29421, 9.2339, -105
11, R11I01, 9.42007, 4.0427, -105
11, R11I01, 13.1247, -0.61937, -105
11, R11I01, 16.7247, -3.66384, -105
11, R11I01, 20.6084, -6.38063, -105
11, R11I01, 27.0453, -11.2925, -105
11, R11I01, 34.0675, -14.8835, -105
11, R11I01, 37.7949, -15.4773, -105
11, R11I01, 41.4189, -15.0302, -105
11, R11I01, 44.3856, -12.5115, -105
11, R11I01, 46.7834, -9.1569, -105
11, R11I01, 52.2561, -2.53085, -105
11, R11I01, 57.3538, 4.3393, -105
11, R11I01, 61.6621, 10.909, -105
11, R11I01, 63.1651, 17.925, -105
11, R11I01, 59.3557, 24.039, -105
11, R11I01, 52.5184, 27.309, -105
11, R11I01, 45.3279, 25.371, -105
11, R11I01, 38.2982, 21.468, -105
11, R11I01, 30.1292, 18.743, -105
11, R11I01, 16.0323, 14.572, -110
11, R11I01, 11.16, 11.06, -110
11, R11I01, 10.1993, 5.9438, -110
11, R11I01, 13.0192, 0.8854, -110
11, R11I01, 19.3428, -3.8252, -110
11, R11I01, 27.6739, -10.1965, -110
11, R11I01, 36.7914, -14.136, -110
11, R11I01, 41.3354, -14.1281, -110
11, R11I01, 43.9769, -11.6964, -110
11, R11I01, 46.8809, -7.00623, -110
11, R11I01, 51.1293, -1.50601, -110
11, R11I01, 53.0975, 4.1979, -110
11, R11I01, 53.3298, 9.9468, -110
11, R11I01, 51.5117, 14.095, -110
11, R11I01, 48.1258, 17.105, -110
11, R11I01, 44.3221, 17.927, -110
11, R11I01, 40.2803, 17.812, -110
11, R11I01, 32.6238, 16.301, -110
11, R11I01, 24.9621, 15.123, -110
11, R11I01, 23.0179, 15.225, -110
