Report_Number, Iceberg_Number, X_Value, Y_Value, Z_Value
11, R11I03, -40.852, -3.591, 50
11, R11I03, -36.917, -3.812, 50
11, R11I03, -39.852, -1.696999, 50
11, R11I03, -36.046, 1.368, 50
11, R11I03, -33.01, 0.612999, 50
11, R11I03, -28.952, 2.389999, 50
11, R11I03, -17.054, 5.132999, 50
11, R11I03, -15.953, 3.347, 50
11, R11I03, -11.583, 5.195999, 50
11, R11I03, -0.1030006, 10.302, 50
11, R11I03, 5.801001, 12.181, 50
11, R11I03, 20.0553, 5.222, 50
11, R11I03, 31.32709, -10.823, 50
11, R11I03, 91.3493, -2.097, 47.5
11, R11I03, 82.8656, 15.778, 47.5
11, R11I03, 81.3681, 20.499, 47.5
11, R11I03, 79.2304, 20.833, 47.5
11, R11I03, 73.3443, 31.287, 47.5
11, R11I03, 88.6771, 36.792, 47.5
11, R11I03, 90.5576, 34.279, 47.5
11, R11I03, 91.2671, 34.286, 47.5
11, R11I03, 93.2085, 33.718, 47.5
11, R11I03, 93.3685, 34.814, 47.5
11, R11I03, 90.9286, 36.931, 47.5
11, R11I03, 100.3998, 41.3336, 47.5
11, R11I03, 102.8274, 41.058, 47.5
11, R11I03, 112.235, 42.6905, 47.5
11, R11I03, 125.26, 35.279, 47.5
11, R11I03, 134.346, 18.538, 47.5
11, R11I03, 140.695, 1.811001, 47.5
11, R11I03, 133.887, -10.544, 47.5
11, R11I03, 128.958, -15.177, 47.5
11, R11I03, 122.5929, -16.407, 47.5
11, R11I03, 102.6614, -13.595, 47.5
11, R11I03, 96.856, -13.044, 47.5
11, R11I03, 95.0812, -7.911999, 47.5
11, R11I03, 91.3493, -2.097, 47.5
11, R11I03, 36.832, -8.257, 47.5
11, R11I03, 43.5293, -15.019, 47.5
11, R11I03, 45.6076, -15.494, 47.5
11, R11I03, 50.2115, -13.804, 47.5
11, R11I03, 63.2933, -17.265, 47.5
11, R11I03, 65.2323, -19.598, 47.5
11, R11I03, 68.673, -19.389, 47.5
11, R11I03, 68.6344, -21.689, 47.5
11, R11I03, 60.06, -25.521, 47.5
11, R11I03, 49.72, -31.979, 47.5
11, R11I03, 35.8458, -36.148, 47.5
11, R11I03, 22.69847, -36.78, 47.5
11, R11I03, -11.707, -40.795, 47.5
11, R11I03, -79.65, -62.31, 47.5
11, R11I03, -88.09, -64.15, 47.5
11, R11I03, -89.26, -61.53, 47.5
11, R11I03, -90.98, -58.25, 47.5
11, R11I03, -91.93, -56.56, 47.5
11, R11I03, -91.22, -53.64, 47.5
11, R11I03, -93.09, -50.697, 47.5
11, R11I03, -95.23, -48.304, 47.5
11, R11I03, -94.13, -27.447, 47.5
11, R11I03, -87.5, -13.965, 47.5
11, R11I03, -83.53, -7.963001, 47.5
11, R11I03, -75.827, -0.1549988, 47.5
11, R11I03, -69.501, -10, 47.5
11, R11I03, -67.288, -11.234, 47.5
11, R11I03, -70.351, -0.2439995, 47.5
11, R11I03, -68.453, 1.713001, 47.5
11, R11I03, -66.364, 1.785, 47.5
11, R11I03, -67.86, 4.118, 47.5
11, R11I03, -65.321, 9.497002, 47.5
11, R11I03, -59.632, 13.693, 47.5
11, R11I03, -47.202, 7.167, 47.5
11, R11I03, -44.909, 7.637001, 47.5
11, R11I03, 130.561, 9.112, 70
11, R11I03, 129.379, 9.294998, 70
11, R11I03, 129.606, 8.411999, 70
11, R11I03, 130.561, 9.112, 70
11, R11I03, -79.37, -47.307, 67.5
11, R11I03, -81.52, -46.375, 67.5
11, R11I03, -82.88, -55.42, 67.5
11, R11I03, -82.89, -57.53, 67.5
11, R11I03, -78.78, -56.71, 67.5
11, R11I03, -77.5, -52.59, 67.5
11, R11I03, -79.37, -47.307, 67.5
11, R11I03, -84.81, -44.002, 67.5
11, R11I03, -91.1, -40.203, 67.5
11, R11I03, -91.89, -45.113, 67.5
11, R11I03, -91.1, -46.603, 67.5
11, R11I03, -87.77, -47.628, 67.5
11, R11I03, -84.02, -45.111, 67.5
11, R11I03, -84.81, -44.002, 67.5
11, R11I03, 107.3017, 2.522999, 65
11, R11I03, 113.7817, 7.426998, 65
11, R11I03, 118.1464, 9.060001, 65
11, R11I03, 126.095, 11.693, 65
11, R11I03, 131.946, 11.804, 65
11, R11I03, 135.281, 12.176, 65
11, R11I03, 138.279, 6.303001, 65
11, R11I03, 133.359, 3.666, 65
11, R11I03, 118.6816, -2.178001, 65
11, R11I03, 114.7566, -2.743999, 65
11, R11I03, 110.7287, -3.719002, 65
11, R11I03, 108.1861, -0.6269989, 65
11, R11I03, 107.3017, 2.522999, 65
11, R11I03, -77.74, -44.251, 65
11, R11I03, -81.44, -39.007, 65
11, R11I03, -82.31, -39.831, 65
11, R11I03, -86.63, -34.846, 65
11, R11I03, -90.21, -34.145, 65
11, R11I03, -91.99, -42.487, 65
11, R11I03, -92.06, -46.833, 65
11, R11I03, -89.42, -47.573, 65
11, R11I03, -83.19, -45.304, 65
11, R11I03, -82.69, -45.227, 65
11, R11I03, -83.68, -51.8, 65
11, R11I03, -84.92, -57.57, 65
11, R11I03, -82.23, -58.51, 65
11, R11I03, -61.413, -50.975, 65
11, R11I03, -61.153, -50.281, 65
11, R11I03, -71.298, -48.137, 65
11, R11I03, -72.261, -48.582, 65
11, R11I03, -75.917, -45.509, 65
11, R11I03, -77.74, -44.251, 65
11, R11I03, 106.6987, -0.9099998, 62.5
11, R11I03, 106.7565, 5.785, 62.5
11, R11I03, 118.6743, 11.995, 62.5
11, R11I03, 134.82, 14.64, 62.5
11, R11I03, 137.508, 11.311, 62.5
11, R11I03, 138.416, 4.986, 62.5
11, R11I03, 131.964, 1.403999, 62.5
11, R11I03, 113.4209, -6.259998, 62.5
11, R11I03, 110.9668, -6.404999, 62.5
11, R11I03, 106.6987, -0.9099998, 62.5
11, R11I03, -24.559, -32.236, 62.5
11, R11I03, -12.119, -30.329, 62.5
11, R11I03, -11.832, -31.552, 62.5
11, R11I03, -22.76, -36.453, 62.5
11, R11I03, -28.578, -36.334, 62.5
11, R11I03, -27.675, -33.249, 62.5
11, R11I03, -24.559, -32.236, 62.5
11, R11I03, -73.471, -37.669, 62.5
11, R11I03, -74.067, -39.069, 62.5
11, R11I03, -76.55, -38.249, 62.5
11, R11I03, -80.03, -36.428, 62.5
11, R11I03, -82.39, -34.804, 62.5
11, R11I03, -87.54, -30.211, 62.5
11, R11I03, -89.59, -30.852, 62.5
11, R11I03, -92.16, -45.667, 62.5
11, R11I03, -90.79, -47.471, 62.5
11, R11I03, -84.17, -47.655, 62.5
11, R11I03, -84.24, -50.998, 62.5
11, R11I03, -85.62, -60.07, 62.5
11, R11I03, -74.488, -57, 62.5
11, R11I03, -59.441, -50.348, 62.5
11, R11I03, -61.702, -44.086, 62.5
11, R11I03, -68.19, -38.525, 62.5
11, R11I03, -71.15, -40.068, 62.5
11, R11I03, -71.901, -39.479, 62.5
11, R11I03, -72.833, -37.867, 62.5
11, R11I03, -73.471, -37.669, 62.5
11, R11I03, 104.8672, -2.509998, 60
11, R11I03, 104.6314, 7.973, 60
11, R11I03, 119.6363, 14.346, 60
11, R11I03, 134.306, 16.302, 60
11, R11I03, 139.159, 6.556999, 60
11, R11I03, 138.182, 2.883999, 60
11, R11I03, 127.602, -3.111, 60
11, R11I03, 121.6068, -8.140999, 60
11, R11I03, 113.585, -10.409, 60
11, R11I03, 110.1406, -8.625, 60
11, R11I03, 104.8672, -2.509998, 60
11, R11I03, -27.68, -28.868, 60
11, R11I03, -14.874, -25.49, 60
11, R11I03, -8.035999, -28.578, 60
11, R11I03, -3.540001, -31.297, 60
11, R11I03, -6.43, -32.634, 60
11, R11I03, -20.693, -37.425, 60
11, R11I03, -31.746, -38.645, 60
11, R11I03, -34.894, -38.898, 60
11, R11I03, -33.327, -31.323, 60
11, R11I03, -27.68, -28.868, 60
11, R11I03, -37.835, -37.455, 60
11, R11I03, -41.439, -35.421, 60
11, R11I03, -45.084, -36.5, 60
11, R11I03, -50.999, -37.007, 60
11, R11I03, -52.932, -39.524, 60
11, R11I03, -53.404, -41.303, 60
11, R11I03, -50.719, -44.468, 60
11, R11I03, -37.66, -40.625, 60
11, R11I03, -37.835, -37.455, 60
11, R11I03, -73.123, -32.325, 60
11, R11I03, -79.07, -31.08, 60
11, R11I03, -78.95, -32.766, 60
11, R11I03, -81.85, -31.043, 60
11, R11I03, -88.5, -26.516, 60
11, R11I03, -91.88, -33.366, 60
11, R11I03, -92.46, -46.59, 60
11, R11I03, -92.05, -47.264, 60
11, R11I03, -89.39, -48.003, 60
11, R11I03, -87.05, -49.183, 60
11, R11I03, -85.82, -51.51, 60
11, R11I03, -80.76, -59.89, 60
11, R11I03, -59.082, -51.43, 60
11, R11I03, -57.887, -49.238, 60
11, R11I03, -63.185, -37.117, 60
11, R11I03, -68.429, -32.995, 60
11, R11I03, -73.123, -32.325, 60
11, R11I03, 97.6342, 4.375999, 57.5
11, R11I03, 104.4632, 12.731, 57.5
11, R11I03, 123.2529, 17.392, 57.5
11, R11I03, 134.671, 17.329, 57.5
11, R11I03, 139.725, 2.089001, 57.5
11, R11I03, 134.166, -5.470001, 57.5
11, R11I03, 111.923, -13.109, 57.5
11, R11I03, 105.3654, -6.826, 57.5
11, R11I03, 97.6342, 4.375999, 57.5
11, R11I03, -14.794, -19.595, 57.5
11, R11I03, -2.114, -22.736, 57.5
11, R11I03, 4.375, -26.493, 57.5
11, R11I03, 5.297001, -31.014, 57.5
11, R11I03, -34.468, -41.058, 57.5
11, R11I03, -51.641, -46.436, 57.5
11, R11I03, -56.664, -35.589, 57.5
11, R11I03, -58.665, -30.958, 57.5
11, R11I03, -46.355, -28.903, 57.5
11, R11I03, -42.727, -27.711, 57.5
11, R11I03, -38.586, -26.681, 57.5
11, R11I03, -37.677, -28.866, 57.5
11, R11I03, -37, -31.869, 57.5
11, R11I03, -33.589, -24.536, 57.5
11, R11I03, -22.155, -21.019, 57.5
11, R11I03, -14.794, -19.595, 57.5
11, R11I03, -73.451, -26.809, 57.5
11, R11I03, -65.836, -29.139, 57.5
11, R11I03, -58.578, -44.812, 57.5
11, R11I03, -58.403, -51.26, 57.5
11, R11I03, -79.39, -59.58, 57.5
11, R11I03, -87.2, -61.43, 57.5
11, R11I03, -86.66, -51.38, 57.5
11, R11I03, -88.48, -50.646, 57.5
11, R11I03, -90.43, -48.299, 57.5
11, R11I03, -92.44, -47.339, 57.5
11, R11I03, -91.27, -26.821, 57.5
11, R11I03, -87.56, -22.743, 57.5
11, R11I03, -82.99, -26.591, 57.5
11, R11I03, -79.12, -25.62, 57.5
11, R11I03, -73.451, -26.809, 57.5
11, R11I03, 90.734, 7.894001, 55
11, R11I03, 87.9112, 11.041, 55
11, R11I03, 90.1466, 13.16, 55
11, R11I03, 106.7805, 19.273, 55
11, R11I03, 133.172, 19.777, 55
11, R11I03, 139.122, 6.974998, 55
11, R11I03, 137.655, -4.216, 55
11, R11I03, 130.212, -12.374, 55
11, R11I03, 121.456, -16.071, 55
11, R11I03, 110.8338, -14.054, 55
11, R11I03, 101.8137, -6.683998, 55
11, R11I03, 90.734, 7.894001, 55
11, R11I03, -17.829, -14.23, 55
11, R11I03, -7.273001, -16.148, 55
11, R11I03, -7.958, -14.757, 55
11, R11I03, -10.797, -11.953, 55
11, R11I03, -2.875, -11.124, 55
11, R11I03, 0.1060009, -13.568, 55
11, R11I03, 2.000999, -10.595, 55
11, R11I03, 5.247, -9.259998, 55
11, R11I03, 17.8032, -20.392, 55
11, R11I03, 9.252, -20.897, 55
11, R11I03, 8.048, -21.819, 55
11, R11I03, 13.105, -26.047, 55
11, R11I03, 16.3808, -23.519, 55
11, R11I03, 21.977, -28.926, 55
11, R11I03, 24.66784, -29.563, 55
11, R11I03, 28.63554, -31.485, 55
11, R11I03, 30.97052, -34.861, 55
11, R11I03, 20.6736, -32.696, 55
11, R11I03, 13.8246, -31.514, 55
11, R11I03, -23.737, -40.988, 55
11, R11I03, -50.858, -47.735, 55
11, R11I03, -57.129, -37.583, 55
11, R11I03, -61.731, -26.345, 55
11, R11I03, -56.816, -23.554, 55
11, R11I03, -45.944, -21.716, 55
11, R11I03, -46.572, -20.501, 55
11, R11I03, -48.171, -19.517, 55
11, R11I03, -47.502, -18.927, 55
11, R11I03, -44.946, -20.672, 55
11, R11I03, -40.064, -19.889, 55
11, R11I03, -38.106, -22.451, 55
11, R11I03, -36.4, -19.495, 55
11, R11I03, -25.143, -15.081, 55
11, R11I03, -20.176, -15.096, 55
11, R11I03, -17.829, -14.23, 55
11, R11I03, -73.375, -20.788, 55
11, R11I03, -66.944, -22.909, 55
11, R11I03, -60.917, -37.13, 55
11, R11I03, -59.701, -39.433, 55
11, R11I03, -58.2, -43.329, 55
11, R11I03, -57.361, -50.874, 55
11, R11I03, -85.78, -61.94, 55
11, R11I03, -88.33, -59.35, 55
11, R11I03, -89.2, -50.906, 55
11, R11I03, -91.11, -48.229, 55
11, R11I03, -92.19, -34.009, 55
11, R11I03, -87.67, -18.098, 55
11, R11I03, -84.57, -20.743, 55
11, R11I03, -79.45, -20.258, 55
11, R11I03, -73.375, -20.788, 55
11, R11I03, 100.8927, -7.293999, 52.5
11, R11I03, 91.689, -1.084, 52.5
11, R11I03, 86.1345, 11.144, 52.5
11, R11I03, 86.0004, 19.294, 52.5
11, R11I03, 101.3483, 23.784, 52.5
11, R11I03, 104.6224, 26.846, 52.5
11, R11I03, 108.4981, 25.506, 52.5
11, R11I03, 130.044, 23.411, 52.5
11, R11I03, 131.586, 23.11, 52.5
11, R11I03, 139.258, 8.477001, 52.5
11, R11I03, 139.095, -1.777, 52.5
11, R11I03, 135.641, -5.632, 52.5
11, R11I03, 132.927, -8.818001, 52.5
11, R11I03, 120.1036, -15.727, 52.5
11, R11I03, 111.6882, -14.259, 52.5
11, R11I03, 102.5503, -9.991001, 52.5
11, R11I03, 100.8927, -7.293999, 52.5
11, R11I03, 22.3788, -15.351, 52.5
11, R11I03, 21.7716, -17.705, 52.5
11, R11I03, 25.45401, -19.851, 52.5
11, R11I03, 23.26074, -21.194, 52.5
11, R11I03, 26.20049, -22.128, 52.5
11, R11I03, 30.40649, -24.425, 52.5
11, R11I03, 40.0104, -29.976, 52.5
11, R11I03, 47.6882, -28.568, 52.5
11, R11I03, 50.0421, -30.319, 52.5
11, R11I03, 44.3583, -31.899, 52.5
11, R11I03, 36.504, -32.88, 52.5
11, R11I03, 28.85632, -36.317, 52.5
11, R11I03, 18.7623, -34.159, 52.5
11, R11I03, -13.255, -40.19, 52.5
11, R11I03, -34.642, -44.403, 52.5
11, R11I03, -55.605, -46.978, 52.5
11, R11I03, -56.216, -45.014, 52.5
11, R11I03, -56.621, -49.685, 52.5
11, R11I03, -57.864, -52.37, 52.5
11, R11I03, -86.07, -62.81, 52.5
11, R11I03, -88.92, -60.53, 52.5
11, R11I03, -90.51, -51.37, 52.5
11, R11I03, -91.81, -48.211, 52.5
11, R11I03, -92.74, -38.115, 52.5
11, R11I03, -91.31, -23.532, 52.5
11, R11I03, -84.87, -14.63, 52.5
11, R11I03, -79.65, -16.174, 52.5
11, R11I03, -72.214, -15.066, 52.5
11, R11I03, -63.347, -32.117, 52.5
11, R11I03, -61.604, -34.698, 52.5
11, R11I03, -62.643, -18.954, 52.5
11, R11I03, -60.073, -15.631, 52.5
11, R11I03, -54.576, -10.906, 52.5
11, R11I03, -51.726, -13.215, 52.5
11, R11I03, -41.768, -12.711, 52.5
11, R11I03, -38.928, -12.301, 52.5
11, R11I03, -28.669, -9.362, 52.5
11, R11I03, -24.471, -9.525002, 52.5
11, R11I03, -25.398, -8.041, 52.5
11, R11I03, -26.493, -7.435001, 52.5
11, R11I03, -25.544, -5.949001, 52.5
11, R11I03, -16.683, -5.168999, 52.5
11, R11I03, -15.635, -6.917999, 52.5
11, R11I03, -14.57, -4.159, 52.5
11, R11I03, -5.896, -2.115002, 52.5
11, R11I03, -3.698, -2.778, 52.5
11, R11I03, -2.142, 0.086, 52.5
11, R11I03, 11.74, 4.419998, 52.5
11, R11I03, 14.5124, 1.728001, 52.5
11, R11I03, 20.9165, -12.382, 52.5
11, R11I03, 22.3788, -15.351, 52.5
11, R11I03, 89.2007, 1.411999, 50
11, R11I03, 82.6637, 19.455, 50
11, R11I03, 89.5397, 25.627, 50
11, R11I03, 105.4926, 30.235, 50
11, R11I03, 106.9824, 30.429, 50
11, R11I03, 106.229, 32.961, 50
11, R11I03, 107.4551, 32.144, 50
11, R11I03, 108.4096, 30.596, 50
11, R11I03, 111.0934, 34.391, 50
11, R11I03, 116.7979, 31.971, 50
11, R11I03, 116.6153, 30.772, 50
11, R11I03, 129.009, 27.903, 50
11, R11I03, 136.147, 15.706, 50
11, R11I03, 140.029, 0.6870003, 50
11, R11I03, 139.293, -1.605999, 50
11, R11I03, 136.468, -6.243999, 50
11, R11I03, 135.415, -8.521, 50
11, R11I03, 129.645, -12.973, 50
11, R11I03, 127.989, -15.877, 50
11, R11I03, 115.8213, -16.201, 50
11, R11I03, 112.7272, -15.183, 50
11, R11I03, 101.0338, -12.916, 50
11, R11I03, 97.3821, -6.793999, 50
11, R11I03, 89.2007, 1.411999, 50
11, R11I03, 31.32709, -10.823, 50
11, R11I03, 37.9036, -18.26, 50
11, R11I03, 37.15, -19.895, 50
11, R11I03, 36.2607, -20.731, 50
11, R11I03, 50.0003, -20.91, 50
11, R11I03, 55.646, -24.424, 50
11, R11I03, 56.7898, -26.868, 50
11, R11I03, 44.3167, -33.627, 50
11, R11I03, 35.8758, -34.928, 50
11, R11I03, 24.06949, -36.412, 50
11, R11I03, -23.01, -41.679, 50
11, R11I03, -54.26, -51.69, 50
11, R11I03, -88.07, -63.64, 50
11, R11I03, -89.14, -57.24, 50
11, R11I03, -92.92, -49.892, 50
11, R11I03, -94.97, -49.111, 50
11, R11I03, -93.97, -28.369, 50
11, R11I03, -86.34, -14.315, 50
11, R11I03, -84.34, -11.072, 50
11, R11I03, -75.956, -9.823002, 50
11, R11I03, -69.227, -11.262, 50
11, R11I03, -63.681, -25.015, 50
11, R11I03, -63.417, -23.992, 50
11, R11I03, -65.131, -15.987, 50
11, R11I03, -66.362, -11.753, 50
11, R11I03, -63.083, -8.907001, 50
11, R11I03, -62.362, -4.659, 50
11, R11I03, -63.05, -1.743, 50
11, R11I03, -58.604, 4.335999, 50
11, R11I03, -51.281, 1.097, 50
11, R11I03, -46.109, -3.126999, 50
11, R11I03, -43.814, -4.625999, 50
11, R11I03, -40.302, 10.623, 47.5
11, R11I03, -37.772, 9.828999, 47.5
11, R11I03, -26.234, 15.115, 47.5
11, R11I03, -13.984, 13.816, 47.5
11, R11I03, -10.132, 14.278, 47.5
11, R11I03, 9.975, 18.036, 47.5
11, R11I03, 21.5251, 9.389999, 47.5
11, R11I03, 36.832, -8.257, 47.5
11, R11I03, -21.676, 22.175, 45
11, R11I03, -12.111, 19.913, 45
11, R11I03, -9.535999, 20.734, 45
11, R11I03, 19.6667, 21.289, 45
11, R11I03, 37.9264, -1.941002, 45
11, R11I03, 45.4989, -6.417, 45
11, R11I03, 49.9602, -6.928001, 45
11, R11I03, 65.7959, -6.375, 45
11, R11I03, 67.7458, -4.936001, 45
11, R11I03, 72.0417, -3.573002, 45
11, R11I03, 75.61411, -6.787998, 45
11, R11I03, 78.7349, -12.493, 45
11, R11I03, 69.1317, -22.729, 45
11, R11I03, 54.7658, -29.77, 45
11, R11I03, 38.2698, -36.755, 45
11, R11I03, 11.757, -37.007, 45
11, R11I03, -47.836, -51.23, 45
11, R11I03, -86.08, -64.68, 45
11, R11I03, -90.24, -62.35, 45
11, R11I03, -92.64, -56.88, 45
11, R11I03, -92.85, -50.792, 45
11, R11I03, -95.89, -48.044, 45
11, R11I03, -92.95, -21.851, 45
11, R11I03, -83.03, -5.498001, 45
11, R11I03, -74.877, 2.626999, 45
11, R11I03, -72.524, -2.793999, 45
11, R11I03, -72.088, -2.057999, 45
11, R11I03, -72.499, 6.935001, 45
11, R11I03, -71.612, 6.959, 45
11, R11I03, -72.514, 9.335999, 45
11, R11I03, -63.798, 18.645, 45
11, R11I03, -50.731, 17.597, 45
11, R11I03, -48.421, 17.433, 45
11, R11I03, -45.673, 16.125, 45
11, R11I03, -44.638, 17.652, 45
11, R11I03, -27.035, 21.708, 45
11, R11I03, -21.676, 22.175, 45
11, R11I03, 83.5184, 9.508999, 45
11, R11I03, 68.1783, 35.792, 45
11, R11I03, 67.8122, 40.3792, 45
11, R11I03, 75.375, 42.7479, 45
11, R11I03, 84.7529, 44.0748, 45
11, R11I03, 87.03111, 42.3091, 45
11, R11I03, 86.1798, 44.2539, 45
11, R11I03, 94.4913, 49.36127, 45
11, R11I03, 96.6772, 48.65988, 45
11, R11I03, 97.1648, 49.35921, 45
11, R11I03, 104.1004, 51.96454, 45
11, R11I03, 122.6085, 42.3559, 45
11, R11I03, 137.793, 14.316, 45
11, R11I03, 138.336, -4.578999, 45
11, R11I03, 134.559, -10.576, 45
11, R11I03, 131.286, -13.194, 45
11, R11I03, 128.442, -16.22, 45
11, R11I03, 117.147, -17.422, 45
11, R11I03, 107.1538, -14.778, 45
11, R11I03, 91.6307, -16.567, 45
11, R11I03, 83.8308, -18.142, 45
11, R11I03, 82.69621, -17.425, 45
11, R11I03, 89.1096, -10.554, 45
11, R11I03, 83.5184, 9.508999, 45
11, R11I03, 115.3115, 65.0263, 45
11, R11I03, 114.5536, 64.0146, 45
11, R11I03, 113.6345, 61.0174, 45
11, R11I03, 110.973, 62.8993, 45
11, R11I03, 107.8185, 57.78265, 45
11, R11I03, 115.5579, 55.54616, 45
11, R11I03, 115.3829, 57.7765, 45
11, R11I03, 115.9156, 58.22308, 45
11, R11I03, 117.3709, 57.36174, 45
11, R11I03, 115.3115, 65.0263, 45
11, R11I03, -6.521, 29.11, 42.5
11, R11I03, 18.7679, 29.609, 42.5
11, R11I03, 35.6245, 8.105, 42.5
11, R11I03, 48.6719, 5.902, 42.5
11, R11I03, 53.2288, 3.285, 42.5
11, R11I03, 57.9525, 4.762001, 42.5
11, R11I03, 66.6846, 6.998001, 42.5
11, R11I03, 71.3414, 6.287998, 42.5
11, R11I03, 75.059, 9.807999, 42.5
11, R11I03, 75.7436, 9.332001, 42.5
11, R11I03, 76.2578, 7.668999, 42.5
11, R11I03, 77.0044, 10.484, 42.5
11, R11I03, 78.7576, 13.098, 42.5
11, R11I03, 59.9256, 44.288, 42.5
11, R11I03, 60.7954, 47.2331, 42.5
11, R11I03, 79.6039, 54.44755, 42.5
11, R11I03, 81.5624, 52.33015, 42.5
11, R11I03, 82.3831, 54.75321, 42.5
11, R11I03, 87.5806, 58.36444, 42.5
11, R11I03, 90.9305, 55.86653, 42.5
11, R11I03, 91.7935, 56.74137, 42.5
11, R11I03, 90.8176, 57.6795, 42.5
11, R11I03, 92.355, 58.91594, 42.5
11, R11I03, 95.3595, 58.38965, 42.5
11, R11I03, 98.0907, 57.20809, 42.5
11, R11I03, 95.9026, 59.3826, 42.5
11, R11I03, 93.4453, 64.9152, 42.5
11, R11I03, 104.2995, 73.4204, 42.5
11, R11I03, 107.3327, 72.3106, 42.5
11, R11I03, 108.7166, 74.0635, 42.5
11, R11I03, 112.8147, 74.7868, 42.5
11, R11I03, 115.5898, 65.5038, 42.5
11, R11I03, 133.75, 20.884, 42.5
11, R11I03, 136.714, 18.579, 42.5
11, R11I03, 140.65, 5.289001, 42.5
11, R11I03, 137.783, -7.514999, 42.5
11, R11I03, 130.203, -15.765, 42.5
11, R11I03, 123.57, -18.299, 42.5
11, R11I03, 104.504, -16.109, 42.5
11, R11I03, 85.093, -17.968, 42.5
11, R11I03, 66.295, -23.709, 42.5
11, R11I03, 58.6093, -27.148, 42.5
11, R11I03, 43.3143, -36.818, 42.5
11, R11I03, 18.7554, -37.613, 42.5
11, R11I03, -31.337, -46.672, 42.5
11, R11I03, -89.7, -65.54, 42.5
11, R11I03, -94.55, -63.81, 42.5
11, R11I03, -94.28, -57.04, 42.5
11, R11I03, -93.48, -51.91, 42.5
11, R11I03, -96.91, -47.259, 42.5
11, R11I03, -96.72, -38.669, 42.5
11, R11I03, -95.57, -27.093, 42.5
11, R11I03, -91.76, -15.507, 42.5
11, R11I03, -87.1, -7.286999, 42.5
11, R11I03, -77.12, 0.8380013, 42.5
11, R11I03, -75.24, 7.570999, 42.5
11, R11I03, -71.841, 11.145, 42.5
11, R11I03, -65.323, 25.333, 42.5
11, R11I03, -61.535, 29.045, 42.5
11, R11I03, -57.797, 29.035, 42.5
11, R11I03, -51.457, 27.014, 42.5
11, R11I03, -49.557, 27.955, 42.5
11, R11I03, -47.903, 27.238, 42.5
11, R11I03, -46.439, 28.384, 42.5
11, R11I03, -6.521, 29.11, 42.5
11, R11I03, -5.000999, 41.1541, 40
11, R11I03, 13.5987, 45.3528, 40
11, R11I03, 15.385, 44.4372, 40
11, R11I03, 16.7363, 45.9859, 40
11, R11I03, 25.06254, 40.362, 40
11, R11I03, 33.39374, 23.892, 40
11, R11I03, 39.2818, 23.103, 40
11, R11I03, 54.524, 13.378, 40
11, R11I03, 67.4932, 7.083, 40
11, R11I03, 71.8441, 6.442001, 40
11, R11I03, 73.7735, 10.484, 40
11, R11I03, 74.0334, 13.031, 40
11, R11I03, 70.8172, 24.08, 40
11, R11I03, 59.2678, 37.297, 40
11, R11I03, 59.7153, 37.615, 40
11, R11I03, 63.0104, 34.34, 40
11, R11I03, 52.7896, 47.1634, 40
11, R11I03, 58.445, 58.128, 40
11, R11I03, 75.2136, 63.0253, 40
11, R11I03, 78.4793, 61.287, 40
11, R11I03, 78.1601, 64.1611, 40
11, R11I03, 83.0431, 64.9061, 40
11, R11I03, 82.7029, 66.2302, 40
11, R11I03, 86.8657, 68.7587, 40
11, R11I03, 84.194, 68.6972, 40
11, R11I03, 83.4504, 69.4767, 40
11, R11I03, 80.7949, 70.673, 40
11, R11I03, 83.3151, 74.4259, 40
11, R11I03, 95.0689, 83.8578, 40
11, R11I03, 102.6118, 82.7843, 40
11, R11I03, 102.9573, 87.75961, 40
11, R11I03, 107.8345, 92.4287, 40
11, R11I03, 111.6335, 82.3105, 40
11, R11I03, 117.0698, 60.0331, 40
11, R11I03, 128.845, 28.825, 40
11, R11I03, 140.806, 6.094002, 40
11, R11I03, 138.569, -8.014, 40
11, R11I03, 133.215, -15.656, 40
11, R11I03, 111.8404, -18.433, 40
11, R11I03, 101.2042, -16.836, 40
11, R11I03, 84.0054, -18.506, 40
11, R11I03, 61.6105, -25.693, 40
11, R11I03, 53.3828, -32.944, 40
11, R11I03, 39.4737, -38.156, 40
11, R11I03, 25.22145, -38.691, 40
11, R11I03, -29.965, -46.343, 40
11, R11I03, -88.01, -66.76, 40
11, R11I03, -94.73, -65.42, 40
11, R11I03, -95.62, -64.78, 40
11, R11I03, -93.85, -54.27, 40
11, R11I03, -95.83, -49.959, 40
11, R11I03, -97.41, -38.587, 40
11, R11I03, -97.52, -31.872, 40
11, R11I03, -94.41, -22.59, 40
11, R11I03, -84.31, -2.307999, 40
11, R11I03, -77.16, 6.919998, 40
11, R11I03, -66.412, 25.773, 40
11, R11I03, -57.015, 36.131, 40
11, R11I03, -53.832, 33.247, 40
11, R11I03, -53.24, 33.873, 40
11, R11I03, -52.806, 35.587, 40
11, R11I03, -49.072, 33.391, 40
11, R11I03, -48.505, 33.991, 40
11, R11I03, -48.192, 35.499, 40
11, R11I03, -27.585, 34.851, 40
11, R11I03, -20.845, 38.619, 40
11, R11I03, -11.68, 39.3813, 40
11, R11I03, -5.000999, 41.1541, 40
11, R11I03, 49.6569, 54.6966, 40
11, R11I03, 46.7055, 55.59266, 40
11, R11I03, 45.8811, 52.83929, 40
11, R11I03, 47.1764, 50.88131, 40
11, R11I03, 49.8381, 51.31072, 40
11, R11I03, 49.6569, 54.6966, 40
11, R11I03, 53.0798, 56.48063, 40
11, R11I03, 52.146, 57.26752, 40
11, R11I03, 51.3454, 55.96263, 40
11, R11I03, 52.0395, 54.67377, 40
11, R11I03, 52.6878, 55.06005, 40
11, R11I03, 53.0798, 56.48063, 40
11, R11I03, -58.157, 38.054, 37.5
11, R11I03, -48.547, 45.2296, 37.5
11, R11I03, -48.121, 42.1681, 37.5
11, R11I03, -44.115, 47.2322, 37.5
11, R11I03, -38.451, 49.98003, 37.5
11, R11I03, -15.68, 54.52309, 37.5
11, R11I03, 22.88297, 59.377, 37.5
11, R11I03, 33.5968, 59.5726, 37.5
11, R11I03, 36.6833, 55.12424, 37.5
11, R11I03, 37.752, 41.9839, 37.5
11, R11I03, 40.1243, 36.779, 37.5
11, R11I03, 46.1162, 23.382, 37.5
11, R11I03, 55.5577, 15.427, 37.5
11, R11I03, 58.0941, 19.053, 37.5
11, R11I03, 59.9553, 19.561, 37.5
11, R11I03, 68.6235, 16.259, 37.5
11, R11I03, 66.545, 19.986, 37.5
11, R11I03, 65.0873, 22.791, 37.5
11, R11I03, 66.5076, 22.284, 37.5
11, R11I03, 68.6339, 20.514, 37.5
11, R11I03, 70.51051, 18.61, 37.5
11, R11I03, 65.5692, 27.413, 37.5
11, R11I03, 52.2708, 41.1166, 37.5
11, R11I03, 42.5182, 48.85984, 37.5
11, R11I03, 40.3302, 47.3259, 37.5
11, R11I03, 39.1548, 50.92557, 37.5
11, R11I03, 39.451, 53.99449, 37.5
11, R11I03, 38.8785, 59.6428, 37.5
11, R11I03, 44.2071, 65.8738, 37.5
11, R11I03, 46.0596, 64.3885, 37.5
11, R11I03, 46.7603, 67.4941, 37.5
11, R11I03, 49.3993, 69.2183, 37.5
11, R11I03, 50.8305, 67.8483, 37.5
11, R11I03, 54.4839, 70.934, 37.5
11, R11I03, 61.6739, 73.0384, 37.5
11, R11I03, 69.6328, 73.8942, 37.5
11, R11I03, 72.049, 71.256, 37.5
11, R11I03, 73.3271, 71.3169, 37.5
11, R11I03, 70.8649, 78.8814, 37.5
11, R11I03, 77.16541, 85.2536, 37.5
11, R11I03, 81.1022, 89.0966, 37.5
11, R11I03, 84.7423, 92.20741, 37.5
11, R11I03, 88.1217, 93.2663, 37.5
11, R11I03, 93.4502, 97.186, 37.5
11, R11I03, 95.1717, 98.1736, 37.5
11, R11I03, 103.6544, 104.8985, 37.5
11, R11I03, 109.6557, 104.1378, 37.5
11, R11I03, 114.4415, 90.4541, 37.5
11, R11I03, 115.8979, 70.9226, 37.5
11, R11I03, 120.6324, 52.36703, 37.5
11, R11I03, 127.558, 34.657, 37.5
11, R11I03, 136.504, 20.707, 37.5
11, R11I03, 138.971, 18.045, 37.5
11, R11I03, 141.081, 6.241001, 37.5
11, R11I03, 140.964, -0.5950012, 37.5
11, R11I03, 139.47, -6.681999, 37.5
11, R11I03, 132.209, -17.309, 37.5
11, R11I03, 115.0138, -20.034, 37.5
11, R11I03, 95.06, -16.866, 37.5
11, R11I03, 79.5671, -19.759, 37.5
11, R11I03, 62.3091, -25.293, 37.5
11, R11I03, 51.5819, -35.661, 37.5
11, R11I03, 38.8381, -38.542, 37.5
11, R11I03, 24.16436, -39.419, 37.5
11, R11I03, 11.735, -38.963, 37.5
11, R11I03, -8.395, -41.872, 37.5
11, R11I03, -42.487, -51.73, 37.5
11, R11I03, -66.982, -60.91, 37.5
11, R11I03, -90.8, -67.5, 37.5
11, R11I03, -97.2, -65.48, 37.5
11, R11I03, -94.93, -57.39, 37.5
11, R11I03, -96.12, -50.488, 37.5
11, R11I03, -98.4, -46.412, 37.5
11, R11I03, -98.09, -30.808, 37.5
11, R11I03, -95.28, -21.713, 37.5
11, R11I03, -86.76, -2.896, 37.5
11, R11I03, -77.61, 3.300999, 37.5
11, R11I03, -75.797, 10.337, 37.5
11, R11I03, -69.334, 17.704, 37.5
11, R11I03, -66.764, 25.192, 37.5
11, R11I03, -58.157, 38.054, 37.5
11, R11I03, -54.974, 40.2508, 35
11, R11I03, -47.974, 47.4553, 35
11, R11I03, -44.261, 54.39093, 35
11, R11I03, -40.945, 61.4679, 35
11, R11I03, -40.023, 63.9318, 35
11, R11I03, -12.852, 66.476, 35
11, R11I03, 9.617, 72.8395, 35
11, R11I03, 18.4615, 71.4083, 35
11, R11I03, 31.64253, 72.6628, 35
11, R11I03, 33.41263, 70.0196, 35
11, R11I03, 34.2097, 69.5971, 35
11, R11I03, 34.4274, 74.1498, 35
11, R11I03, 40.0758, 76.0971, 35
11, R11I03, 41.8117, 74.7102, 35
11, R11I03, 42.4306, 74.7781, 35
11, R11I03, 42.7087, 77.1227, 35
11, R11I03, 45.4439, 78.5701, 35
11, R11I03, 47.6094, 77.2205, 35
11, R11I03, 47.6722, 78.6318, 35
11, R11I03, 56.8512, 82.1376, 35
11, R11I03, 63.7551, 80.3352, 35
11, R11I03, 64.2907, 82.0645, 35
11, R11I03, 61.379, 85.6795, 35
11, R11I03, 65.8475, 90.9341, 35
11, R11I03, 76.898, 97.8192, 35
11, R11I03, 79.2675, 101.987, 35
11, R11I03, 85.32, 108.6192, 35
11, R11I03, 88.5917, 108.5194, 35
11, R11I03, 88.8171, 109.0845, 35
11, R11I03, 90.6061, 109.4516, 35
11, R11I03, 98.8548, 116.3986, 35
11, R11I03, 104.1285, 114.9066, 35
11, R11I03, 106.4667, 116.5081, 35
11, R11I03, 110.0066, 101.9632, 35
11, R11I03, 118.8734, 53.8474, 35
11, R11I03, 130.852, 29.58, 35
11, R11I03, 136.278, 18.808, 35
11, R11I03, 141.575, -3.956001, 35
11, R11I03, 138.418, -11.321, 35
11, R11I03, 126.425, -20.328, 35
11, R11I03, 109.9068, -20.468, 35
11, R11I03, 94.7337, -17.447, 35
11, R11I03, 85.9318, -18.059, 35
11, R11I03, 61.7917, -26.297, 35
11, R11I03, 49.6439, -37.074, 35
11, R11I03, 29.97326, -40.096, 35
11, R11I03, 15.3364, -40.007, 35
11, R11I03, 1.172001, -40.971, 35
11, R11I03, -39.597, -51.79, 35
11, R11I03, -69.005, -62, 35
11, R11I03, -77.03, -64.18, 35
11, R11I03, -92.71, -68.75, 35
11, R11I03, -98.36, -62.96, 35
11, R11I03, -96.27, -51.85, 35
11, R11I03, -97.08, -51.65, 35
11, R11I03, -99.43, -50.885, 35
11, R11I03, -100.03, -48.667, 35
11, R11I03, -99.11, -47.206, 35
11, R11I03, -98.45, -40.698, 35
11, R11I03, -98.05, -36.801, 35
11, R11I03, -95.51, -19.624, 35
11, R11I03, -85.1, -1.035, 35
11, R11I03, -78.49, 5.373001, 35
11, R11I03, -75.462, 12.898, 35
11, R11I03, -68.629, 21.14, 35
11, R11I03, -59.257, 37.034, 35
11, R11I03, -54.974, 40.2508, 35
11, R11I03, 84.1287, 2.478001, 35
11, R11I03, 82.6832, 4.838001, 35
11, R11I03, 81.5397, 4.487999, 35
11, R11I03, 82.6037, 2.181999, 35
11, R11I03, 82.7407, 0.8769989, 35
11, R11I03, 81.0676, 0.4360008, 35
11, R11I03, 80.1251, -4.021999, 35
11, R11I03, 80.1452, -8.466, 35
11, R11I03, 79.9503, -10.605, 35
11, R11I03, 80.9781, -9.269001, 35
11, R11I03, 83.33801, -5.215, 35
11, R11I03, 84.1287, 2.478001, 35
11, R11I03, -46.932, 51.54824, 32.5
11, R11I03, -37.028, 73.451, 32.5
11, R11I03, -10.804, 77.7723, 32.5
11, R11I03, 17.6448, 83.2094, 32.5
11, R11I03, 25.25001, 82.1757, 32.5
11, R11I03, 32.72095, 82.3448, 32.5
11, R11I03, 42.4475, 87.6056, 32.5
11, R11I03, 50.4196, 89.83331, 32.5
11, R11I03, 55.7851, 88.2295, 32.5
11, R11I03, 55.1419, 90.4341, 32.5
11, R11I03, 54.4433, 93.7421, 32.5
11, R11I03, 68.6457, 106.3025, 32.5
11, R11I03, 75.0166, 111.4831, 32.5
11, R11I03, 86.6183, 113.9638, 32.5
11, R11I03, 89.834, 115.45, 32.5
11, R11I03, 96.7257, 119.1971, 32.5
11, R11I03, 107.3444, 117.7771, 32.5
11, R11I03, 109.6617, 105.7763, 32.5
11, R11I03, 117.5825, 65.3814, 32.5
11, R11I03, 134.139, 22.889, 32.5
11, R11I03, 141.809, -6.044998, 32.5
11, R11I03, 126.241, -20.536, 32.5
11, R11I03, 110.4419, -22.434, 32.5
11, R11I03, 95.5863, -18.045, 32.5
11, R11I03, 89.3257, -18.461, 32.5
11, R11I03, 67.0987, -23.446, 32.5
11, R11I03, 58.2623, -30.676, 32.5
11, R11I03, 42.0326, -39.991, 32.5
11, R11I03, 27.77651, -41.313, 32.5
11, R11I03, -13.352, -45.031, 32.5
11, R11I03, -58.238, -59.57, 32.5
11, R11I03, -92.52, -70.69, 32.5
11, R11I03, -98.36, -68.57, 32.5
11, R11I03, -99.41, -64.03, 32.5
11, R11I03, -96.02, -55.16, 32.5
11, R11I03, -96.36, -52.67, 32.5
11, R11I03, -98.15, -51.19, 32.5
11, R11I03, -98.64, -44.374, 32.5
11, R11I03, -98.18, -32.435, 32.5
11, R11I03, -96.07, -19.804, 32.5
11, R11I03, -86.84, -2.250999, 32.5
11, R11I03, -78.57, 7.147999, 32.5
11, R11I03, -75.89, 14.194, 32.5
11, R11I03, -70.89, 20.404, 32.5
11, R11I03, -63.796, 31.547, 32.5
11, R11I03, -46.932, 51.54824, 32.5
11, R11I03, -57.291, 41.5963, 30
11, R11I03, -48.941, 53.62616, 30
11, R11I03, -39.909, 71.3391, 30
11, R11I03, -36.612, 74.9358, 30
11, R11I03, -35.691, 75.0756, 30
11, R11I03, -32.948, 76.2566, 30
11, R11I03, -29.941, 77.4703, 30
11, R11I03, -26.949, 78.8105, 30
11, R11I03, -19.977, 79.6134, 30
11, R11I03, -17.004, 81.6517, 30
11, R11I03, -13.139, 83.9179, 30
11, R11I03, -9.632999, 83.6468, 30
11, R11I03, -7.672001, 86.0252, 30
11, R11I03, 7.905, 89.5688, 30
11, R11I03, 22.74593, 90.3486, 30
11, R11I03, 24.73352, 90.8736, 30
11, R11I03, 25.54104, 90.9976, 30
11, R11I03, 31.33815, 91.6791, 30
11, R11I03, 34.4656, 93.1501, 30
11, R11I03, 43.9537, 98.7853, 30
11, R11I03, 52.3093, 98.5725, 30
11, R11I03, 59.0133, 110.1122, 30
11, R11I03, 64.6899, 112.8858, 30
11, R11I03, 79.638, 112.9955, 30
11, R11I03, 89.594, 117.742, 30
11, R11I03, 101.0068, 122.0336, 30
11, R11I03, 111.2202, 107.8971, 30
11, R11I03, 114.481, 83.3547, 30
11, R11I03, 127.444, 43.3193, 30
11, R11I03, 137.32, 23.012, 30
11, R11I03, 143.716, 2.060001, 30
11, R11I03, 143.302, -6.854, 30
11, R11I03, 130.609, -19.017, 30
11, R11I03, 116.0548, -23.815, 30
11, R11I03, 106.1022, -22.199, 30
11, R11I03, 96.6947, -19.196, 30
11, R11I03, 88.0748, -18.584, 30
11, R11I03, 81.9998, -19.299, 30
11, R11I03, 61.6125, -26.697, 30
11, R11I03, 47.9716, -38.936, 30
11, R11I03, 3.614, -42.706, 30
11, R11I03, -59.978, -60.83, 30
11, R11I03, -87.45, -71.69, 30
11, R11I03, -96.94, -72.22, 30
11, R11I03, -100.17, -64.24, 30
11, R11I03, -96.92, -55.41, 30
11, R11I03, -98.53, -46.454, 30
11, R11I03, -98.4, -31.464, 30
11, R11I03, -97.58, -21.624, 30
11, R11I03, -94.89, -16.99, 30
11, R11I03, -88.42, -4.174, 30
11, R11I03, -85.22, 1.262001, 30
11, R11I03, -79.56, 6.294998, 30
11, R11I03, -77.53, 14.277, 30
11, R11I03, -74.256, 16.094, 30
11, R11I03, -64.506, 32.519, 30
11, R11I03, -57.291, 41.5963, 30
11, R11I03, -50.969, 49.9631, 27.5
11, R11I03, -44.335, 63.5709, 27.5
11, R11I03, -39.457, 72.863, 27.5
11, R11I03, -36.821, 76.5556, 27.5
11, R11I03, -34.188, 77.5557, 27.5
11, R11I03, -31.647, 77.3213, 27.5
11, R11I03, -30.382, 77.8644, 27.5
11, R11I03, -25.755, 79.1865, 27.5
11, R11I03, -23.01, 79.7706, 27.5
11, R11I03, -20.956, 80.2086, 27.5
11, R11I03, -18.039, 81.026, 27.5
11, R11I03, -14.996, 82.7869, 27.5
11, R11I03, -11.09, 83.1492, 27.5
11, R11I03, -8, 86.0035, 27.5
11, R11I03, -5.601, 87.21301, 27.5
11, R11I03, 0.5400009, 89.2122, 27.5
11, R11I03, 18.9269, 90.0775, 27.5
11, R11I03, 23.28324, 94.7958, 27.5
11, R11I03, 28.61068, 93.1909, 27.5
11, R11I03, 38.2003, 99.2861, 27.5
11, R11I03, 50.4161, 100.1583, 27.5
11, R11I03, 52.6051, 101.1969, 27.5
11, R11I03, 57.9924, 112.7001, 27.5
11, R11I03, 66.6272, 114.3238, 27.5
11, R11I03, 87.7399, 116.0396, 27.5
11, R11I03, 100.2997, 122.4076, 27.5
11, R11I03, 109.497, 118.7512, 27.5
11, R11I03, 112.8316, 106.013, 27.5
11, R11I03, 115.2965, 89.9111, 27.5
11, R11I03, 121.5671, 53.10929, 27.5
11, R11I03, 143.107, 4.417999, 27.5
11, R11I03, 137.947, -13.073, 27.5
11, R11I03, 123.787, -22.559, 27.5
11, R11I03, 112.0923, -24.865, 27.5
11, R11I03, 96.788, -19.829, 27.5
11, R11I03, 93.4414, -19.769, 27.5
11, R11I03, 87.5101, -18.321, 27.5
11, R11I03, 61.7817, -26.856, 27.5
11, R11I03, 46.8274, -40.187, 27.5
11, R11I03, 37.9437, -41.513, 27.5
11, R11I03, 34.0612, -41.316, 27.5
11, R11I03, 24.56084, -41.872, 27.5
11, R11I03, 19.2001, -41.83, 27.5
11, R11I03, 1.302, -42.948, 27.5
11, R11I03, -20.434, -48.745, 27.5
11, R11I03, -39.433, -54.54, 27.5
11, R11I03, -69.728, -64.76, 27.5
11, R11I03, -81.31, -69.65, 27.5
11, R11I03, -85.83, -72.61, 27.5
11, R11I03, -95.11, -74.36, 27.5
11, R11I03, -101.42, -70.91, 27.5
11, R11I03, -99.77, -60.92, 27.5
11, R11I03, -97.78, -53.99, 27.5
11, R11I03, -98.27, -40.795, 27.5
11, R11I03, -98.05, -27.771, 27.5
11, R11I03, -97.19, -18.845, 27.5
11, R11I03, -92.26, -3.608002, 27.5
11, R11I03, -90.13, -1.326, 27.5
11, R11I03, -81.46, 6.039001, 27.5
11, R11I03, -77.96, 14.061, 27.5
11, R11I03, -75.021, 15.781, 27.5
11, R11I03, -63.287, 34.28, 27.5
11, R11I03, -58.282, 41.2387, 27.5
11, R11I03, -50.969, 49.9631, 27.5
11, R11I03, -51.608, 50.16128, 25
11, R11I03, -35.778, 78.2481, 25
11, R11I03, -29.978, 77.9137, 25
11, R11I03, -20.712, 79.6058, 25
11, R11I03, -14.245, 81.7282, 25
11, R11I03, -8.602001, 84.3612, 25
11, R11I03, -1.542999, 88.0494, 25
11, R11I03, 6.816, 90.491, 25
11, R11I03, 13.098, 90.56371, 25
11, R11I03, 19.8042, 92.7435, 25
11, R11I03, 22.98302, 95.1177, 25
11, R11I03, 25.44633, 94.46201, 25
11, R11I03, 30.53808, 92.6728, 25
11, R11I03, 37.5373, 98.9757, 25
11, R11I03, 41.9141, 101.091, 25
11, R11I03, 45.4165, 100.8959, 25
11, R11I03, 52.3702, 102.3715, 25
11, R11I03, 56.4988, 109.3948, 25
11, R11I03, 65.08521, 114.6494, 25
11, R11I03, 84.3685, 114.6888, 25
11, R11I03, 95.3214, 121.9014, 25
11, R11I03, 106.3112, 121.7362, 25
11, R11I03, 109.9523, 117.3921, 25
11, R11I03, 113.1312, 99.7248, 25
11, R11I03, 116.5656, 80.3708, 25
11, R11I03, 126.258, 41.4156, 25
11, R11I03, 129.537, 35.487, 25
11, R11I03, 134.978, 23.255, 25
11, R11I03, 138.083, 16.267, 25
11, R11I03, 144.465, -1.221001, 25
11, R11I03, 142.334, -8.532001, 25
11, R11I03, 129.84, -20.55, 25
11, R11I03, 118.8919, -25.171, 25
11, R11I03, 105.8093, -23.998, 25
11, R11I03, 85.6978, -18.307, 25
11, R11I03, 62.2488, -26.336, 25
11, R11I03, 53.0679, -36.255, 25
11, R11I03, 46.9036, -40.655, 25
11, R11I03, 39.9269, -42.22, 25
11, R11I03, -10.667, -47.738, 25
11, R11I03, -47.341, -57.29, 25
11, R11I03, -63.121, -63.1, 25
11, R11I03, -87.92, -73.72, 25
11, R11I03, -98.16, -74.77, 25
11, R11I03, -103.67, -69.99, 25
11, R11I03, -101.94, -66.81, 25
11, R11I03, -98, -56.64, 25
11, R11I03, -98.51, -46.631, 25
11, R11I03, -99.81, -22.016, 25
11, R11I03, -94.44, -8.685001, 25
11, R11I03, -90.85, 0.6479988, 25
11, R11I03, -86.93, 4.630001, 25
11, R11I03, -79.05, 12.012, 25
11, R11I03, -76.032, 16.16, 25
11, R11I03, -68.064, 27.328, 25
11, R11I03, -54.383, 45.9949, 25
11, R11I03, -51.608, 50.16128, 25
11, R11I03, -57.984, 42.8344, 22.5
11, R11I03, -54.034, 49.459, 22.5
11, R11I03, -50.377, 52.86243, 22.5
11, R11I03, -40.678, 77.6551, 22.5
11, R11I03, -35.028, 83.2728, 22.5
11, R11I03, -30.73, 82.7189, 22.5
11, R11I03, -27.293, 83.5253, 22.5
11, R11I03, -22.897, 80.3072, 22.5
11, R11I03, -16.446, 83.4832, 22.5
11, R11I03, -11.578, 84.3421, 22.5
11, R11I03, -7.617001, 86.3443, 22.5
11, R11I03, -1.752001, 88.2469, 22.5
11, R11I03, 3.445, 90.4737, 22.5
11, R11I03, 8.453, 92.67, 22.5
11, R11I03, 18.2689, 90.9737, 22.5
11, R11I03, 21.0365, 94.4795, 22.5
11, R11I03, 23.68891, 95.2515, 22.5
11, R11I03, 29.10099, 93.3315, 22.5
11, R11I03, 33.824, 94.834, 22.5
11, R11I03, 39.1257, 100.658, 22.5
11, R11I03, 44.7326, 100.4198, 22.5
11, R11I03, 50.071, 100.7329, 22.5
11, R11I03, 52.6203, 103.4198, 22.5
11, R11I03, 56.1355, 112.0263, 22.5
11, R11I03, 62.1013, 114.8841, 22.5
11, R11I03, 70.90331, 114.0995, 22.5
11, R11I03, 84.6456, 115.2172, 22.5
11, R11I03, 95.531, 122.1103, 22.5
11, R11I03, 102.0905, 123.1812, 22.5
11, R11I03, 108.5861, 120.5546, 22.5
11, R11I03, 111.951, 103.6046, 22.5
11, R11I03, 117.7404, 71.6595, 22.5
11, R11I03, 133.227, 27.042, 22.5
11, R11I03, 144.297, 0.7799988, 22.5
11, R11I03, 146.358, -1.422001, 22.5
11, R11I03, 146.395, -3.213001, 22.5
11, R11I03, 143.807, -7.285, 22.5
11, R11I03, 137.186, -14.898, 22.5
11, R11I03, 132.52, -20.336, 22.5
11, R11I03, 126.14, -23.332, 22.5
11, R11I03, 114.2896, -26.455, 22.5
11, R11I03, 96.3226, -20.412, 22.5
11, R11I03, 62.59, -26.301, 22.5
11, R11I03, 54.8834, -37.78, 22.5
11, R11I03, 45.2156, -42.404, 22.5
11, R11I03, 19.4315, -43.804, 22.5
11, R11I03, -13.317, -49.094, 22.5
11, R11I03, -20.676, -51.48, 22.5
11, R11I03, -31.007, -54.08, 22.5
11, R11I03, -39.559, -56.41, 22.5
11, R11I03, -54.893, -61.45, 22.5
11, R11I03, -77.46, -70.84, 22.5
11, R11I03, -90.99, -75.05, 22.5
11, R11I03, -96.88, -75.33, 22.5
11, R11I03, -100.18, -74.37, 22.5
11, R11I03, -102.83, -71.86, 22.5
11, R11I03, -101.98, -63.73, 22.5
11, R11I03, -98.79, -55.99, 22.5
11, R11I03, -98.5, -32.965, 22.5
11, R11I03, -100.23, -21.837, 22.5
11, R11I03, -94.64, -8.943001, 22.5
11, R11I03, -92.2, 1.424, 22.5
11, R11I03, -89.97, 2.984001, 22.5
11, R11I03, -89.11, 5.966, 22.5
11, R11I03, -85.49, 8.493, 22.5
11, R11I03, -82.93, 9.960999, 22.5
11, R11I03, -79.93, 12.711, 22.5
11, R11I03, -75.45, 16.633, 22.5
11, R11I03, -69.617, 24.325, 22.5
11, R11I03, -60.5, 39.3865, 22.5
11, R11I03, -57.984, 42.8344, 22.5
11, R11I03, -59.11, 44.1874, 20
11, R11I03, -42.319, 85.7757, 20
11, R11I03, -37.428, 88.1211, 20
11, R11I03, -32.666, 86.7927, 20
11, R11I03, -28.578, 88.8365, 20
11, R11I03, -20.662, 83.3791, 20
11, R11I03, -19.981, 88.5795, 20
11, R11I03, -15.445, 90.4072, 20
11, R11I03, -12.786, 89.5538, 20
11, R11I03, -10.287, 90.3851, 20
11, R11I03, -6.834999, 86.9122, 20
11, R11I03, -0.4780006, 88.4472, 20
11, R11I03, 3.836, 89.6464, 20
11, R11I03, 7.108999, 92.2517, 20
11, R11I03, 11.57, 91.7786, 20
11, R11I03, 15.4464, 90.4001, 20
11, R11I03, 19.7266, 91.8778, 20
11, R11I03, 22.0039, 95.2429, 20
11, R11I03, 29.75797, 93.4006, 20
11, R11I03, 37.3852, 99.4413, 20
11, R11I03, 42.1032, 100.6644, 20
11, R11I03, 51.3043, 101.5037, 20
11, R11I03, 53.9842, 107.2931, 20
11, R11I03, 55.6218, 113.2059, 20
11, R11I03, 57.6128, 114.531, 20
11, R11I03, 62.1811, 115.2038, 20
11, R11I03, 67.1805, 115.406, 20
11, R11I03, 81.0317, 115.3201, 20
11, R11I03, 85.2196, 115.538, 20
11, R11I03, 88.6448, 117.703, 20
11, R11I03, 98.619, 124.101, 20
11, R11I03, 108.1904, 122.055, 20
11, R11I03, 109.6578, 117.9682, 20
11, R11I03, 112.2646, 99.5493, 20
11, R11I03, 115.4735, 83.2044, 20
11, R11I03, 122.7911, 53.75284, 20
11, R11I03, 137.522, 20.531, 20
11, R11I03, 146.571, -2.687, 20
11, R11I03, 135.596, -21.178, 20
11, R11I03, 123.2099, -28.316, 20
11, R11I03, 115.2618, -28.181, 20
11, R11I03, 94.5785, -20.575, 20
11, R11I03, 88.9681, -19.284, 20
11, R11I03, 85.09081, -18.35, 20
11, R11I03, 59.216, -31.728, 20
11, R11I03, 54.9764, -41.181, 20
11, R11I03, 51.7074, -43.037, 20
11, R11I03, 37.499, -44.713, 20
11, R11I03, 22.1556, -44.733, 20
11, R11I03, 12.597, -45.506, 20
11, R11I03, -12.391, -49.132, 20
11, R11I03, -21.617, -53.24, 20
11, R11I03, -32.189, -54.89, 20
11, R11I03, -39.25, -57.55, 20
11, R11I03, -49.186, -60.24, 20
11, R11I03, -67.233, -66.12, 20
11, R11I03, -75.649, -71.09, 20
11, R11I03, -81.3, -72.99, 20
11, R11I03, -89.51, -75.29, 20
11, R11I03, -99.78, -76.09, 20
11, R11I03, -103.59, -70.03, 20
11, R11I03, -102.02, -63.49, 20
11, R11I03, -98.48, -56.21, 20
11, R11I03, -98.6, -46.608, 20
11, R11I03, -100.79, -17.826, 20
11, R11I03, -97.94, -14.078, 20
11, R11I03, -96.21, -10.779, 20
11, R11I03, -94.87, -4.455002, 20
11, R11I03, -92.7, 5.092999, 20
11, R11I03, -84.77, 9.986, 20
11, R11I03, -74.559, 18.372, 20
11, R11I03, -69.214, 24.896, 20
11, R11I03, -60.248, 41.3111, 20
11, R11I03, -59.11, 44.1874, 20
11, R11I03, -53.122, 61.0541, 17.5
11, R11I03, -45.521, 91.2241, 17.5
11, R11I03, -38.876, 94.2532, 17.5
11, R11I03, -12.349, 97.1986, 17.5
11, R11I03, -2.298, 87.8126, 17.5
11, R11I03, 0.1709995, 91.1576, 17.5
11, R11I03, 10.87, 98.3885, 17.5
11, R11I03, 15.0061, 92.5978, 17.5
11, R11I03, 18.9398, 91.9194, 17.5
11, R11I03, 20.5954, 95.3182, 17.5
11, R11I03, 24.31189, 97.4913, 17.5
11, R11I03, 30.3636, 93.4935, 17.5
11, R11I03, 37.9577, 101.2098, 17.5
11, R11I03, 47.9744, 100.9542, 17.5
11, R11I03, 53.6337, 108.5279, 17.5
11, R11I03, 56.8001, 114.5975, 17.5
11, R11I03, 61.2669, 115.7373, 17.5
11, R11I03, 71.6888, 114.5657, 17.5
11, R11I03, 82.766, 115.8382, 17.5
11, R11I03, 89.1618, 117.7935, 17.5
11, R11I03, 99.804, 123.8544, 17.5
11, R11I03, 106.1066, 123.6609, 17.5
11, R11I03, 108.6262, 121.4067, 17.5
11, R11I03, 112.588, 95.5958, 17.5
11, R11I03, 131.621, 31.582, 17.5
11, R11I03, 141.952, 8.208, 17.5
11, R11I03, 146.802, -4.205002, 17.5
11, R11I03, 145.314, -6.772999, 17.5
11, R11I03, 146.053, -13.903, 17.5
11, R11I03, 138.328, -23.311, 17.5
11, R11I03, 127.598, -28.473, 17.5
11, R11I03, 103.9602, -25.877, 17.5
11, R11I03, 97.0618, -23.351, 17.5
11, R11I03, 91.586, -20.493, 17.5
11, R11I03, 88.6401, -19.8, 17.5
11, R11I03, 85.7976, -18.711, 17.5
11, R11I03, 75.7557, -20.78, 17.5
11, R11I03, 63.707, -25.444, 17.5
11, R11I03, 58.5832, -37.779, 17.5
11, R11I03, 54.9562, -44.153, 17.5
11, R11I03, 43.6523, -45.013, 17.5
11, R11I03, 26.39561, -46.418, 17.5
11, R11I03, 15.8803, -45.999, 17.5
11, R11I03, -8.033001, -49.088, 17.5
11, R11I03, -21.576, -55.17, 17.5
11, R11I03, -28.86, -55.67, 17.5
11, R11I03, -33.726, -56.15, 17.5
11, R11I03, -40.784, -59.83, 17.5
11, R11I03, -44.582, -61.34, 17.5
11, R11I03, -56.403, -62.75, 17.5
11, R11I03, -68.911, -67.31, 17.5
11, R11I03, -73.922, -71.25, 17.5
11, R11I03, -78.96, -73.63, 17.5
11, R11I03, -87.27, -75.16, 17.5
11, R11I03, -97.47, -76.39, 17.5
11, R11I03, -102, -74.01, 17.5
11, R11I03, -104.02, -69.77, 17.5
11, R11I03, -103.06, -64.12, 17.5
11, R11I03, -100.91, -58.67, 17.5
11, R11I03, -99.28, -53.98, 17.5
11, R11I03, -98.31, -41.329, 17.5
11, R11I03, -100.92, -21.221, 17.5
11, R11I03, -99.08, -14.859, 17.5
11, R11I03, -95.94, -8.750999, 17.5
11, R11I03, -95.31, -3.564999, 17.5
11, R11I03, -94.4, 3.660999, 17.5
11, R11I03, -89.59, 7.807999, 17.5
11, R11I03, -81.8, 13.611, 17.5
11, R11I03, -76.352, 17.637, 17.5
11, R11I03, -71.753, 22.793, 17.5
11, R11I03, -62.179, 40.1146, 17.5
11, R11I03, -53.122, 61.0541, 17.5
11, R11I03, -59.498, 47.7073, 15
11, R11I03, -48.371, 89.7735, 15
11, R11I03, -47.257, 100.5231, 15
11, R11I03, -37.635, 102.1616, 15
11, R11I03, -27.461, 104.9583, 15
11, R11I03, -19.222, 103.4723, 15
11, R11I03, -12.618, 102.4235, 15
11, R11I03, -4.768, 97.066, 15
11, R11I03, -3.040001, 103.3876, 15
11, R11I03, 9.7, 106.8524, 15
11, R11I03, 15.7054, 99.4625, 15
11, R11I03, 16.7314, 99.4782, 15
11, R11I03, 21.1963, 105.7869, 15
11, R11I03, 30.47876, 93.9159, 15
11, R11I03, 32.64325, 94.4584, 15
11, R11I03, 34.3399, 106.0878, 15
11, R11I03, 37.415, 107.6209, 15
11, R11I03, 45.1279, 102.1833, 15
11, R11I03, 51.7197, 103.4583, 15
11, R11I03, 53.607, 109.5051, 15
11, R11I03, 52.5251, 118.4921, 15
11, R11I03, 54.7422, 119.4299, 15
11, R11I03, 56.7138, 121.4657, 15
11, R11I03, 61.2115, 119.622, 15
11, R11I03, 73.3682, 115.7045, 15
11, R11I03, 78.7731, 117.2896, 15
11, R11I03, 86.4103, 116.9425, 15
11, R11I03, 97.1022, 125.3543, 15
11, R11I03, 99.4342, 125.3301, 15
11, R11I03, 108.1465, 123.1968, 15
11, R11I03, 111.4637, 109.3823, 15
11, R11I03, 112.6449, 99.0772, 15
11, R11I03, 116.0965, 82.663, 15
11, R11I03, 121.4744, 60.206, 15
11, R11I03, 138.849, 17.927, 15
11, R11I03, 147.484, -0.4259987, 15
11, R11I03, 147.408, -3.183998, 15
11, R11I03, 146.063, -7.272999, 15
11, R11I03, 148.581, -10.848, 15
11, R11I03, 149.049, -15.954, 15
11, R11I03, 142.948, -23.146, 15
11, R11I03, 132.227, -27.672, 15
11, R11I03, 120.9274, -30.106, 15
11, R11I03, 93.0996, -21.632, 15
11, R11I03, 85.5668, -18.616, 15
11, R11I03, 64.1128, -25.458, 15
11, R11I03, 59.4008, -39.42, 15
11, R11I03, 51.6812, -46.25, 15
11, R11I03, 46.6447, -45.552, 15
11, R11I03, 28.70752, -48.487, 15
11, R11I03, 14.9304, -46.94, 15
11, R11I03, -13.163, -51.45, 15
11, R11I03, -26.989, -56.92, 15
11, R11I03, -36.037, -58.28, 15
11, R11I03, -45.57, -62.74, 15
11, R11I03, -53.788, -62.92, 15
11, R11I03, -76.475, -74.28, 15
11, R11I03, -83.69, -74.9, 15
11, R11I03, -89.34, -76.06, 15
11, R11I03, -101.85, -76.91, 15
11, R11I03, -104.53, -74.59, 15
11, R11I03, -106.52, -70.87, 15
11, R11I03, -104, -66.32, 15
11, R11I03, -101.97, -61.92, 15
11, R11I03, -100.23, -54.77, 15
11, R11I03, -98.88, -28.531, 15
11, R11I03, -100.93, -23.457, 15
11, R11I03, -99.96, -15.899, 15
11, R11I03, -96.81, -9.233002, 15
11, R11I03, -94.1, 5.014999, 15
11, R11I03, -81.91, 14.815, 15
11, R11I03, -72.653, 20.469, 15
11, R11I03, -65.429, 35.693, 15
11, R11I03, -59.498, 47.7073, 15
11, R11I03, -56.148, 61.8972, 12.5
11, R11I03, -50.016, 82.311, 12.5
11, R11I03, -47.047, 112.2892, 12.5
11, R11I03, -45.589, 112.7234, 12.5
11, R11I03, -37.13, 109.1987, 12.5
11, R11I03, -12.789, 109.6197, 12.5
11, R11I03, -10.453, 108.0589, 12.5
11, R11I03, -9.074001, 110.0021, 12.5
11, R11I03, -5.905001, 110.8266, 12.5
11, R11I03, 5.621, 112.8734, 12.5
11, R11I03, 14.5209, 112.2058, 12.5
11, R11I03, 24.64383, 110.3784, 12.5
11, R11I03, 27.98891, 103.4226, 12.5
11, R11I03, 30.03753, 107.2767, 12.5
11, R11I03, 37.2333, 117.0521, 12.5
11, R11I03, 40.2151, 115.9663, 12.5
11, R11I03, 42.5423, 120.7552, 12.5
11, R11I03, 42.4998, 125.5546, 12.5
11, R11I03, 53.7997, 130.7322, 12.5
11, R11I03, 64.9398, 120.8938, 12.5
11, R11I03, 74.5399, 121.0457, 12.5
11, R11I03, 79.4118, 121.7396, 12.5
11, R11I03, 85.3479, 121.0406, 12.5
11, R11I03, 93.1095, 127.263, 12.5
11, R11I03, 103.4622, 126.3054, 12.5
11, R11I03, 109.4081, 125.251, 12.5
11, R11I03, 111.5647, 111.7091, 12.5
11, R11I03, 126.146, 46.4544, 12.5
11, R11I03, 146.853, -3.734001, 12.5
11, R11I03, 148.086, -8.056, 12.5
11, R11I03, 151.001, -15.506, 12.5
11, R11I03, 141.638, -25.735, 12.5
11, R11I03, 124.479, -31.176, 12.5
11, R11I03, 105.2887, -27.2, 12.5
11, R11I03, 94.2569, -24.572, 12.5
11, R11I03, 87.8084, -19.036, 12.5
11, R11I03, 82.5387, -19.08, 12.5
11, R11I03, 64.5962, -25.992, 12.5
11, R11I03, 62.0814, -34.113, 12.5
11, R11I03, 59.2704, -43.919, 12.5
11, R11I03, 54.9438, -47.405, 12.5
11, R11I03, 48.2664, -46.942, 12.5
11, R11I03, 39.2069, -48.324, 12.5
11, R11I03, 21.9863, -49.664, 12.5
11, R11I03, 9.684, -49.244, 12.5
11, R11I03, -14.843, -53.51, 12.5
11, R11I03, -22.456, -58.24, 12.5
11, R11I03, -26.289, -58.89, 12.5
11, R11I03, -36.053, -60, 12.5
11, R11I03, -43.905, -63.87, 12.5
11, R11I03, -48.316, -63.35, 12.5
11, R11I03, -50.956, -63.17, 12.5
11, R11I03, -69.964, -72.82, 12.5
11, R11I03, -76.82, -75.19, 12.5
11, R11I03, -101.68, -77.64, 12.5
11, R11I03, -103.65, -75.12, 12.5
11, R11I03, -105.4, -72.4, 12.5
11, R11I03, -107.43, -69.37, 12.5
11, R11I03, -103.41, -62.76, 12.5
11, R11I03, -98.46, -50.553, 12.5
11, R11I03, -99.78, -27.565, 12.5
11, R11I03, -100.79, -17.256, 12.5
11, R11I03, -96.65, -8.376999, 12.5
11, R11I03, -95.85, 3.659, 12.5
11, R11I03, -89.99, 10.362, 12.5
11, R11I03, -80.68, 15.764, 12.5
11, R11I03, -77.69, 18.285, 12.5
11, R11I03, -69.513, 27.478, 12.5
11, R11I03, -65.145, 38.762, 12.5
11, R11I03, -56.148, 61.8972, 12.5
11, R11I03, 48.5631, 111.3972, 12.5
11, R11I03, 44.6172, 115.7708, 12.5
11, R11I03, 42.7052, 114.3336, 12.5
11, R11I03, 46.4313, 105.9532, 12.5
11, R11I03, 50.5189, 104.7458, 12.5
11, R11I03, 50.6599, 107.4676, 12.5
11, R11I03, 48.5631, 111.3972, 12.5
11, R11I03, -63.646, 42.7789, 10
11, R11I03, -53.56, 78.9488, 10
11, R11I03, -47.196, 117.2762, 10
11, R11I03, -45.439, 119.7252, 10
11, R11I03, -43.766, 118.3365, 10
11, R11I03, -31.588, 115.9437, 10
11, R11I03, -29.097, 115.2126, 10
11, R11I03, -23.026, 115.1652, 10
11, R11I03, -11.729, 119.0344, 10
11, R11I03, 15.9774, 117.3262, 10
11, R11I03, 22.0308, 115.1192, 10
11, R11I03, 29.68684, 113.617, 10
11, R11I03, 33.27992, 127.2549, 10
11, R11I03, 35.1676, 128.6534, 10
11, R11I03, 45.9324, 140.8899, 10
11, R11I03, 47.9764, 141.6705, 10
11, R11I03, 58.9807, 130.7742, 10
11, R11I03, 69.69431, 126.3469, 10
11, R11I03, 72.8425, 126.1294, 10
11, R11I03, 84.5474, 124.3712, 10
11, R11I03, 95.0846, 130.099, 10
11, R11I03, 102.1183, 128.1859, 10
11, R11I03, 112.0518, 116.1422, 10
11, R11I03, 114.4103, 97.0688, 10
11, R11I03, 130.459, 36.541, 10
11, R11I03, 147.551, -1.021999, 10
11, R11I03, 145.968, -4.304001, 10
11, R11I03, 147.879, -7.933998, 10
11, R11I03, 150.622, -16.494, 10
11, R11I03, 148.343, -23.516, 10
11, R11I03, 146.684, -27.245, 10
11, R11I03, 122.5599, -35.128, 10
11, R11I03, 115.1544, -31.206, 10
11, R11I03, 101.3643, -28.719, 10
11, R11I03, 95.7004, -30.565, 10
11, R11I03, 88.9586, -23.106, 10
11, R11I03, 83.4235, -19.005, 10
11, R11I03, 61.2542, -35.838, 10
11, R11I03, 60.0058, -43.936, 10
11, R11I03, 59.214, -46.486, 10
11, R11I03, 43.9765, -50.846, 10
11, R11I03, 24.4599, -53.01, 10
11, R11I03, 4.459999, -52.34, 10
11, R11I03, -17.213, -58.6, 10
11, R11I03, -35.052, -61.86, 10
11, R11I03, -44.787, -65.87, 10
11, R11I03, -50.02, -64.96, 10
11, R11I03, -60.288, -69.85, 10
11, R11I03, -68.005, -75.39, 10
11, R11I03, -80.01, -75.46, 10
11, R11I03, -91.13, -76.46, 10
11, R11I03, -102.09, -77.26, 10
11, R11I03, -107.13, -69, 10
11, R11I03, -103.01, -61.12, 10
11, R11I03, -100.77, -55.81, 10
11, R11I03, -98.66, -32.525, 10
11, R11I03, -101.27, -18.869, 10
11, R11I03, -98.85, -11.703, 10
11, R11I03, -96.79, -5.956001, 10
11, R11I03, -94.89, 6.949001, 10
11, R11I03, -85.71, 14.799, 10
11, R11I03, -71.363, 25.204, 10
11, R11I03, -63.646, 42.7789, 10
11, R11I03, -66.219, 39.1135, 7.5
11, R11I03, -57.198, 70.6311, 7.5
11, R11I03, -52.738, 100.7775, 7.5
11, R11I03, -46.75, 122.267, 7.5
11, R11I03, -44.861, 122.2558, 7.5
11, R11I03, -33.871, 119.2586, 7.5
11, R11I03, -31.408, 119.5428, 7.5
11, R11I03, -22.757, 118.7539, 7.5
11, R11I03, -17.85, 122.7635, 7.5
11, R11I03, -2.107, 124.394, 7.5
11, R11I03, 3.513, 123.2544, 7.5
11, R11I03, 7.122999, 126.0722, 7.5
11, R11I03, 14.4283, 124.8652, 7.5
11, R11I03, 18.3516, 125.4947, 7.5
11, R11I03, 24.9659, 121.3093, 7.5
11, R11I03, 27.38377, 129.7329, 7.5
11, R11I03, 29.19688, 132.9328, 7.5
11, R11I03, 35.3935, 144.0266, 7.5
11, R11I03, 38.613, 149.082, 7.5
11, R11I03, 46.0565, 152.577, 7.5
11, R11I03, 75.19431, 127.236, 7.5
11, R11I03, 88.0975, 128.4574, 7.5
11, R11I03, 96.1006, 130.9399, 7.5
11, R11I03, 112.7832, 122.2966, 7.5
11, R11I03, 115.5993, 101.3182, 7.5
11, R11I03, 115.9909, 98.1159, 7.5
11, R11I03, 128.201, 40.7964, 7.5
11, R11I03, 147.296, -1.880001, 7.5
11, R11I03, 146.368, -4.992001, 7.5
11, R11I03, 146.95, -7.325001, 7.5
11, R11I03, 150.544, -16.433, 7.5
11, R11I03, 150.636, -19.744, 7.5
11, R11I03, 148.915, -25.876, 7.5
11, R11I03, 135.526, -34.375, 7.5
11, R11I03, 124.14, -35.922, 7.5
11, R11I03, 118.2683, -35.73, 7.5
11, R11I03, 110.3272, -36.775, 7.5
11, R11I03, 101.8269, -34.979, 7.5
11, R11I03, 97.2272, -35.895, 7.5
11, R11I03, 89.6513, -33.615, 7.5
11, R11I03, 84.9196, -20.894, 7.5
11, R11I03, 82.1851, -19.586, 7.5
11, R11I03, 64.4057, -28.295, 7.5
11, R11I03, 63.3074, -34.002, 7.5
11, R11I03, 62.2317, -45.64, 7.5
11, R11I03, 59.6215, -51.2, 7.5
11, R11I03, 55.4585, -52.33, 7.5
11, R11I03, 39.0627, -52.78, 7.5
11, R11I03, 15.5838, -52.76, 7.5
11, R11I03, -0.4839993, -55.01, 7.5
11, R11I03, -15.957, -59.14, 7.5
11, R11I03, -28.924, -61.26, 7.5
11, R11I03, -42.834, -65.95, 7.5
11, R11I03, -62.546, -71.66, 7.5
11, R11I03, -89.34, -75.88, 7.5
11, R11I03, -94.44, -77, 7.5
11, R11I03, -107.6, -70.11, 7.5
11, R11I03, -101.43, -56.87, 7.5
11, R11I03, -98.83, -32.657, 7.5
11, R11I03, -99.36, -11.476, 7.5
11, R11I03, -97.99, -0.9339981, 7.5
11, R11I03, -94.92, 8.257, 7.5
11, R11I03, -86.09, 15.943, 7.5
11, R11I03, -71.292, 28.178, 7.5
11, R11I03, -66.219, 39.1135, 7.5
11, R11I03, -67.048, 39.7509, 5
11, R11I03, -53.702, 97.5632, 5
11, R11I03, -46.135, 126.6655, 5
11, R11I03, -43.446, 127.0322, 5
11, R11I03, -38.037, 125.6963, 5
11, R11I03, -26.807, 123.6708, 5
11, R11I03, -24.554, 126.0829, 5
11, R11I03, -11.517, 129.3781, 5
11, R11I03, 0.2910004, 126.1368, 5
11, R11I03, 2.856001, 125.9286, 5
11, R11I03, 5.695, 129.6395, 5
11, R11I03, 17.2252, 130.5434, 5
11, R11I03, 20.5385, 125.6823, 5
11, R11I03, 22.2395, 124.6373, 5
11, R11I03, 23.47365, 134.1838, 5
11, R11I03, 25.63675, 133.8501, 5
11, R11I03, 26.36189, 133.7432, 5
11, R11I03, 36.5238, 153.202, 5
11, R11I03, 46.6958, 155.148, 5
11, R11I03, 61.788, 141.1772, 5
11, R11I03, 76.3738, 129.0468, 5
11, R11I03, 82.8404, 129.3404, 5
11, R11I03, 90.0778, 131.1031, 5
11, R11I03, 105.823, 128.0091, 5
11, R11I03, 113.1566, 119.2971, 5
11, R11I03, 114.6535, 105.7877, 5
11, R11I03, 116.4137, 99.3341, 5
11, R11I03, 115.0236, 94.1013, 5
11, R11I03, 130.061, 36.226, 5
11, R11I03, 147.679, -1.537998, 5
11, R11I03, 146.711, -5.959, 5
11, R11I03, 149.006, -8.817001, 5
11, R11I03, 150.581, -13.574, 5
11, R11I03, 151.149, -15.856, 5
11, R11I03, 146.426, -32.155, 5
11, R11I03, 106.8451, -38.714, 5
11, R11I03, 104.1385, -39.817, 5
11, R11I03, 89.8107, -37.128, 5
11, R11I03, 85.7662, -27.296, 5
11, R11I03, 83.3536, -19.693, 5
11, R11I03, 66.2466, -24.257, 5
11, R11I03, 61.8416, -51.3, 5
11, R11I03, 58.4438, -54, 5
11, R11I03, 44.954, -52.3, 5
11, R11I03, 19.1931, -53.63, 5
11, R11I03, -1.874001, -56.56, 5
11, R11I03, -27.329, -62.11, 5
11, R11I03, -37.296, -64.61, 5
11, R11I03, -45.405, -66.94, 5
11, R11I03, -49.217, -66.51, 5
11, R11I03, -53.175, -68.21, 5
11, R11I03, -61.922, -71.75, 5
11, R11I03, -66.984, -75.22, 5
11, R11I03, -68.655, -76.67, 5
11, R11I03, -73.914, -76.64, 5
11, R11I03, -85.59, -76.28, 5
11, R11I03, -90.53, -76.67, 5
11, R11I03, -102.75, -77.28, 5
11, R11I03, -103.61, -75.4, 5
11, R11I03, -104.28, -74.73, 5
11, R11I03, -105.1, -73.01, 5
11, R11I03, -107.16, -71.05, 5
11, R11I03, -107.88, -69.18, 5
11, R11I03, -101.61, -58.7, 5
11, R11I03, -98.74, -47.944, 5
11, R11I03, -100.19, -14.153, 5
11, R11I03, -99.06, -0.1259995, 5
11, R11I03, -97.81, 6.881001, 5
11, R11I03, -94.47, 11.368, 5
11, R11I03, -85.26, 18.037, 5
11, R11I03, -74.647, 25.735, 5
11, R11I03, -68.584, 35.213, 5
11, R11I03, -67.048, 39.7509, 5
11, R11I03, -66.773, 42.705, 2.5
11, R11I03, -64.706, 52.32541, 2.5
11, R11I03, -63.367, 55.27082, 2.5
11, R11I03, -61.2, 70.5709, 2.5
11, R11I03, -52.716, 107.3949, 2.5
11, R11I03, -44.619, 132.8289, 2.5
11, R11I03, -41.905, 136.4476, 2.5
11, R11I03, -40.378, 137.163, 2.5
11, R11I03, -31.03, 131.6944, 2.5
11, R11I03, -29.835, 133.3786, 2.5
11, R11I03, -22.709, 134.5922, 2.5
11, R11I03, -4.601, 132.6686, 2.5
11, R11I03, 0.6889992, 127.8369, 2.5
11, R11I03, 2.656, 128.6407, 2.5
11, R11I03, 4.73, 132.9528, 2.5
11, R11I03, 15.093, 135.3103, 2.5
11, R11I03, 19.9012, 128.5983, 2.5
11, R11I03, 21.0951, 127.5646, 2.5
11, R11I03, 22.1207, 137.7912, 2.5
11, R11I03, 28.94556, 145.3719, 2.5
11, R11I03, 41.6093, 157.204, 2.5
11, R11I03, 47.4533, 156.172, 2.5
11, R11I03, 60.4054, 145.406, 2.5
11, R11I03, 71.9528, 132.7214, 2.5
11, R11I03, 84.4651, 131.0872, 2.5
11, R11I03, 92.2762, 131.3292, 2.5
11, R11I03, 102.3907, 129.3491, 2.5
11, R11I03, 107.874, 127.1389, 2.5
11, R11I03, 111.222, 124.2472, 2.5
11, R11I03, 115.4763, 114.6243, 2.5
11, R11I03, 116.2234, 107.6854, 2.5
11, R11I03, 116.5625, 103.161, 2.5
11, R11I03, 115.2858, 96.5596, 2.5
11, R11I03, 114.5683, 91.7519, 2.5
11, R11I03, 124.821, 49.47843, 2.5
11, R11I03, 147.228, -0.2939987, 2.5
11, R11I03, 147.145, -4.233002, 2.5
11, R11I03, 145.892, -6.123001, 2.5
11, R11I03, 150.807, -23.728, 2.5
11, R11I03, 149.54, -32.068, 2.5
11, R11I03, 123.501, -41.731, 2.5
11, R11I03, 112.3623, -44.479, 2.5
11, R11I03, 106.7671, -41.421, 2.5
11, R11I03, 105.3478, -41.88, 2.5
11, R11I03, 87.9662, -42.425, 2.5
11, R11I03, 83.7128, -38.86, 2.5
11, R11I03, 82.9439, -20.924, 2.5
11, R11I03, 66.0137, -23.616, 2.5
11, R11I03, 65.244, -42.737, 2.5
11, R11I03, 64.348, -56.31, 2.5
11, R11I03, 61.6322, -58.47, 2.5
11, R11I03, 55.1859, -59.04, 2.5
11, R11I03, 37.4728, -57.2, 2.5
11, R11I03, 23.25591, -59.03, 2.5
11, R11I03, 1.573, -59.81, 2.5
11, R11I03, -8.468, -61.46, 2.5
11, R11I03, -21.683, -65.61, 2.5
11, R11I03, -40.743, -68.3, 2.5
11, R11I03, -44.663, -69.97, 2.5
11, R11I03, -53.917, -70.24, 2.5
11, R11I03, -63.072, -75.55, 2.5
11, R11I03, -64.88, -77.55, 2.5
11, R11I03, -65.557, -78.28, 2.5
11, R11I03, -74.62, -77.7, 2.5
11, R11I03, -88.82, -76.63, 2.5
11, R11I03, -98.85, -77.48, 2.5
11, R11I03, -102.32, -76.81, 2.5
11, R11I03, -103.23, -75.42, 2.5
11, R11I03, -105.01, -73.01, 2.5
11, R11I03, -107.99, -69.06, 2.5
11, R11I03, -99.19, -53.88, 2.5
11, R11I03, -97.68, -37.197, 2.5
11, R11I03, -100.27, -15.348, 2.5
11, R11I03, -99.37, 9.594002, 2.5
11, R11I03, -85.05, 18.602, 2.5
11, R11I03, -66.773, 42.705, 2.5
11, R11I03, -65.242, 53.39003, 0
11, R11I03, -47.057, 132.5962, 0
11, R11I03, -44.855, 135.9212, 0
11, R11I03, -43.104, 139.5512, 0
11, R11I03, -41.386, 141.58, 0
11, R11I03, -34.782, 138.7152, 0
11, R11I03, -30.043, 140.561, 0
11, R11I03, -22.024, 139.6912, 0
11, R11I03, -12.631, 140.4597, 0
11, R11I03, -4.07, 135.96, 0
11, R11I03, -0.2539997, 130.3508, 0
11, R11I03, 2.065001, 130.3262, 0
11, R11I03, 5.021999, 138.0282, 0
11, R11I03, 12.393, 138.5882, 0
11, R11I03, 20.2144, 129.1912, 0
11, R11I03, 20.4614, 134.9892, 0
11, R11I03, 22.3964, 141.6088, 0
11, R11I03, 26.43091, 147.9056, 0
11, R11I03, 30.44353, 151.294, 0
11, R11I03, 43.5871, 157.627, 0
11, R11I03, 73.3028, 134.3209, 0
11, R11I03, 87.053, 132.3655, 0
11, R11I03, 101.7141, 129.5336, 0
11, R11I03, 112.7443, 120.9367, 0
11, R11I03, 117.2287, 105.2115, 0
11, R11I03, 117.1637, 99.7105, 0
11, R11I03, 115.1192, 93.8499, 0
11, R11I03, 117.3077, 79.1405, 0
11, R11I03, 122.8579, 56.40899, 0
11, R11I03, 139.244, 18.294, 0
11, R11I03, 147.21, -2.884998, 0
11, R11I03, 146.311, -5.258999, 0
11, R11I03, 150.318, -12.324, 0
11, R11I03, 150.504, -16.802, 0
11, R11I03, 149.758, -33.561, 0
11, R11I03, 129.625, -43.289, 0
11, R11I03, 117.3841, -46.029, 0
11, R11I03, 108.8086, -45.188, 0
11, R11I03, 105.8627, -43.567, 0
11, R11I03, 84.4662, -44.172, 0
11, R11I03, 81.60571, -35.477, 0
11, R11I03, 81.4585, -24.064, 0
11, R11I03, 81.6769, -19.536, 0
11, R11I03, 66.7733, -23.594, 0
11, R11I03, 66.0118, -52.75, 0
11, R11I03, 56.8724, -63.26, 0
11, R11I03, 42.153, -59.23, 0
11, R11I03, 27.94181, -62.66, 0
11, R11I03, 16.6482, -61.57, 0
11, R11I03, 5.889, -61.5, 0
11, R11I03, -20.572, -67.78, 0
11, R11I03, -29.539, -68.37, 0
11, R11I03, -41.034, -72.47, 0
11, R11I03, -48.539, -72.32, 0
11, R11I03, -56.476, -74.92, 0
11, R11I03, -64.96, -79.73, 0
11, R11I03, -73.834, -78.18, 0
11, R11I03, -87.91, -77.62, 0
11, R11I03, -102.62, -76.87, 0
11, R11I03, -104.18, -74.47, 0
11, R11I03, -104.94, -73.37, 0
11, R11I03, -108, -70.03, 0
11, R11I03, -108.09, -68.51, 0
11, R11I03, -98.85, -51.45, 0
11, R11I03, -98.27, -38.191, 0
11, R11I03, -99.67, -29.162, 0
11, R11I03, -99.37, -7.868999, 0
11, R11I03, -99.5, 2.160999, 0
11, R11I03, -98.75, 10.31, 0
11, R11I03, -80.32, 22.009, 0
11, R11I03, -66.148, 50.87568, 0
11, R11I03, -65.242, 53.39003, 0
11, R11I03, -82.466, 48.1388, -10
11, R11I03, -79.248, 88.8099, -10
11, R11I03, -73.526, 106.497, -10
11, R11I03, -63.279, 121.182, -10
11, R11I03, -47.901, 128.013, -10
11, R11I03, -30.441, 130.331, -10
11, R11I03, 3.43028, 125.124, -10
11, R11I03, 37.1859, 120.981, -10
11, R11I03, 54.9766, 127.028, -10
11, R11I03, 72.7555, 131.556, -10
11, R11I03, 90.9448, 125.87, -10
11, R11I03, 106.79, 113.721, -10
11, R11I03, 119.242, 101.327, -10
11, R11I03, 127.548, 86.4822, -10
11, R11I03, 127.595, 72.521, -10
11, R11I03, 125.267, 58.272, -10
11, R11I03, 124.095, 34.523, -10
11, R11I03, 125.438, 10.7302, -10
11, R11I03, 132.089, -8.3182, -10
11, R11I03, 139.559, -27.193, -10
11, R11I03, 143.214, -44.982, -10
11, R11I03, 142.008, -62.396, -10
11, R11I03, 132.518, -74.39, -10
11, R11I03, 118.687, -82.371, -10
11, R11I03, 101.761, -86.424, -10
11, R11I03, 84.21, -86.273, -10
11, R11I03, 70.1227, -81.969, -10
11, R11I03, 55.9973, -78.17, -10
11, R11I03, 34.3673, -81.139, -10
11, R11I03, 20.7656, -88.048, -10
11, R11I03, 7.36479, -95.555, -10
11, R11I03, -8.7085, -99.765, -10
11, R11I03, -25.098, -103.16, -10
11, R11I03, -47.237, -113.69, -10
11, R11I03, -69.345, -124.33, -10
11, R11I03, -88.01, -128.39, -10
11, R11I03, -107.18, -129.75, -10
11, R11I03, -122.32, -131.99, -10
11, R11I03, -135.08, -128.78, -10
11, R11I03, -138.38, -117.05, -10
11, R11I03, -134.7, -103.19, -10
11, R11I03, -127.54, -89.624, -10
11, R11I03, -121.47, -79.116, -10
11, R11I03, -119.52, -63.082, -10
11, R11I03, -116.57, -49.659, -10
11, R11I03, -112.97, -26.711, -10
11, R11I03, -100.69, -18.726, -10
11, R11I03, -91.933, -5.2053, -10
11, R11I03, -86.802, 10.5786, -10
11, R11I03, -92.084, 48.1388, -20
11, R11I03, -95.546, 75.0275, -20
11, R11I03, -96.955, 101.851, -20
11, R11I03, -93.814, 126.058, -20
11, R11I03, -83.74, 147.419, -20
11, R11I03, -59.788, 162.151, -20
11, R11I03, -30.441, 166.353, -20
11, R11I03, -13.316, 165.147, -20
11, R11I03, 3.52326, 161.636, -20
11, R11I03, 20.2071, 153.868, -20
11, R11I03, 37.1859, 147.863, -20
11, R11I03, 54.9233, 152.005, -20
11, R11I03, 72.7555, 157.233, -20
11, R11I03, 90.2341, 154.285, -20
11, R11I03, 106.79, 146.556, -20
11, R11I03, 130.399, 131.703, -20
11, R11I03, 147.609, 111.027, -20
11, R11I03, 149.522, 85.3071, -20
11, R11I03, 146.715, 58.272, -20
11, R11I03, 149.862, 34.448, -20
11, R11I03, 153.022, 10.7302, -20
11, R11I03, 159.609, -25.772, -20
11, R11I03, 160.949, -62.396, -20
11, R11I03, 144.189, -81.715, -20
11, R11I03, 119.623, -90.948, -20
11, R11I03, 108.775, -90.726, -20
11, R11I03, 97.9119, -89.322, -20
11, R11I03, 81.4706, -88.405, -20
11, R11I03, 65.6721, -85.207, -20
11, R11I03, 54.5643, -78.601, -20
11, R11I03, 30.5042, -81.627, -20
11, R11I03, 7.36479, -95.555, -20
11, R11I03, -8.784, -109.26, -20
11, R11I03, -25.098, -122.71, -20
11, R11I03, -46.47, -134.38, -20
11, R11I03, -69.345, -143.14, -20
11, R11I03, -87.81, -149.51, -20
11, R11I03, -106.76, -153.54, -20
11, R11I03, -115.23, -153.72, -20
11, R11I03, -123.73, -153.56, -20
11, R11I03, -139.02, -154.04, -20
11, R11I03, -149.42, -147.02, -20
11, R11I03, -155.15, -135.82, -20
11, R11I03, -152.8, -124.27, -20
11, R11I03, -146.96, -113.04, -20
11, R11I03, -137.68, -94.742, -20
11, R11I03, -128.72, -76.287, -20
11, R11I03, -116.62, -49.659, -20
11, R11I03, -116.82, -38.391, -20
11, R11I03, -114.8, -26.711, -20
11, R11I03, -103.18, -17.272, -20
11, R11I03, -95.672, -4.136, -20
11, R11I03, -91.608, 10.7416, -20
11, R11I03, -84.098, 48.1388, -30
11, R11I03, -87.003, 75.2992, -30
11, R11I03, -90.585, 102.411, -30
11, R11I03, -87.964, 124.817, -30
11, R11I03, -77.937, 143.964, -30
11, R11I03, -56.148, 153.527, -30
11, R11I03, -30.441, 156.432, -30
11, R11I03, 3.52326, 150.641, -30
11, R11I03, 37.1859, 145.187, -30
11, R11I03, 72.7555, 150.207, -30
11, R11I03, 112.054, 142.004, -30
11, R11I03, 138.364, 127.203, -30
11, R11I03, 146.837, 119.952, -30
11, R11I03, 155.006, 111.027, -30
11, R11I03, 162.705, 85.454, -30
11, R11I03, 161.836, 71.9347, -30
11, R11I03, 161.058, 58.272, -30
11, R11I03, 162.382, 34.5094, -30
11, R11I03, 163.793, 10.7302, -30
11, R11I03, 166.183, -9.2489, -30
11, R11I03, 168.391, -29.241, -30
11, R11I03, 171.559, -46.692, -30
11, R11I03, 168.984, -62.396, -30
11, R11I03, 158.821, -74.201, -30
11, R11I03, 144.533, -81.833, -30
11, R11I03, 130.818, -84.948, -30
11, R11I03, 116.647, -85.898, -30
11, R11I03, 97.9119, -85.643, -30
11, R11I03, 81.5585, -80.113, -30
11, R11I03, 65.6721, -75.096, -30
11, R11I03, 50.5963, -69.642, -30
11, R11I03, 39.4533, -70.402, -30
11, R11I03, 28.5497, -73.646, -30
11, R11I03, 7.36479, -84.412, -30
11, R11I03, -8.7997, -93.66, -30
11, R11I03, -25.098, -104.71, -30
11, R11I03, -46.606, -117.37, -30
11, R11I03, -69.411, -127.25, -30
11, R11I03, -90.773, -137.15, -30
11, R11I03, -112.92, -141.93, -30
11, R11I03, -128.28, -140.91, -30
11, R11I03, -135.04, -138.21, -30
11, R11I03, -140.24, -133.57, -30
11, R11I03, -139.65, -123.63, -30
11, R11I03, -134.45, -113.04, -30
11, R11I03, -126.48, -94.892, -30
11, R11I03, -119.66, -76.287, -30
11, R11I03, -112.38, -49.659, -30
11, R11I03, -101.59, -26.711, -30
11, R11I03, -89.033, 10.0036, -30
11, R11I03, -79.687, 48.1388, -40
11, R11I03, -83.298, 74.9989, -40
11, R11I03, -86.957, 101.789, -40
11, R11I03, -82.738, 119.718, -40
11, R11I03, -73.07, 135.163, -40
11, R11I03, -53.508, 145.988, -40
11, R11I03, -30.441, 150.01, -40
11, R11I03, -13.458, 150.39, -40
11, R11I03, 3.52326, 146.609, -40
11, R11I03, 20.2942, 144.552, -40
11, R11I03, 37.1859, 143.593, -40
11, R11I03, 54.9736, 143.858, -40
11, R11I03, 72.7347, 145.402, -40
11, R11I03, 92.6695, 142.446, -40
11, R11I03, 112.054, 138.612, -40
11, R11I03, 128.626, 130.811, -40
11, R11I03, 143.938, 121.969, -40
11, R11I03, 150.073, 116.835, -40
11, R11I03, 155.565, 111.027, -40
11, R11I03, 163.158, 98.839, -40
11, R11I03, 168.52, 85.3872, -40
11, R11I03, 169.991, 71.9806, -40
11, R11I03, 170.461, 58.272, -40
11, R11I03, 170.635, 28.6456, -40
11, R11I03, 169.614, 0, -40
11, R11I03, 167.533, -9.8562, -40
11, R11I03, 164.914, -19.362, -40
11, R11I03, 160.36, -36.242, -40
11, R11I03, 152.246, -50.987, -40
11, R11I03, 144.56, -56.755, -40
11, R11I03, 135.869, -61.23, -40
11, R11I03, 116.647, -69.712, -40
11, R11I03, 97.9119, -74.183, -40
11, R11I03, 81.7957, -71.331, -40
11, R11I03, 65.6929, -69.587, -40
11, R11I03, 53.3421, -67.465, -40
11, R11I03, 40.9823, -66.65, -40
11, R11I03, 23.8043, -72.633, -40
11, R11I03, 7.36479, -81.756, -40
11, R11I03, -8.7047, -88.864, -40
11, R11I03, -25.119, -95.196, -40
11, R11I03, -36.079, -99.213, -40
11, R11I03, -47.003, -103.32, -40
11, R11I03, -58.199, -108.15, -40
11, R11I03, -69.411, -112.94, -40
11, R11I03, -87.299, -124.07, -40
11, R11I03, -106.01, -132.25, -40
11, R11I03, -119.75, -134.18, -40
11, R11I03, -125.86, -132.92, -40
11, R11I03, -131.16, -129.95, -40
11, R11I03, -131.72, -118.02, -40
11, R11I03, -125.57, -104.01, -40
11, R11I03, -116.8, -76.287, -40
11, R11I03, -110.09, -49.659, -40
11, R11I03, -99.155, -26.711, -40
11, R11I03, -86.198, 10.5499, -40
11, R11I03, -79.031, 28.0992, -50
11, R11I03, -78.096, 51.5842, -50
11, R11I03, -83.458, 74.9727, -50
11, R11I03, -86.377, 101.789, -50
11, R11I03, -86.072, 105.458, -50
11, R11I03, -73.07, 127.828, -50
11, R11I03, -53.499, 139.951, -50
11, R11I03, -30.441, 145.224, -50
11, R11I03, 3.52326, 143.22, -50
11, R11I03, 37.1859, 140.985, -50
11, R11I03, 72.7347, 142.333, -50
11, R11I03, 93.0693, 139.213, -50
11, R11I03, 112.842, 133.473, -50
11, R11I03, 131.458, 125.525, -50
11, R11I03, 148.203, 114.453, -50
11, R11I03, 164.493, 88.949, -50
11, R11I03, 172.473, 58.272, -50
11, R11I03, 176.167, 34.6222, -50
11, R11I03, 177.285, 10.7302, -50
11, R11I03, 173.473, 0, -50
11, R11I03, 168.089, -13.403, -50
11, R11I03, 159.711, -24.733, -50
11, R11I03, 139.951, -43.22, -50
11, R11I03, 116.647, -57.117, -50
11, R11I03, 104.463, -62.081, -50
11, R11I03, 91.8734, -63.728, -50
11, R11I03, 65.6929, -67.451, -50
11, R11I03, 40.9823, -68.048, -50
11, R11I03, 23.988, -74.797, -50
11, R11I03, 7.36479, -80.994, -50
11, R11I03, -8.8373, -86.526, -50
11, R11I03, -25.119, -91.826, -50
11, R11I03, -47.003, -98.894, -50
11, R11I03, -69.411, -108.23, -50
11, R11I03, -94.089, -123.05, -50
11, R11I03, -105.81, -128.91, -50
11, R11I03, -118.04, -131.26, -50
11, R11I03, -124.71, -122.84, -50
11, R11I03, -126.76, -110.26, -50
11, R11I03, -122.75, -93.132, -50
11, R11I03, -116.99, -76.287, -50
11, R11I03, -108.67, -49.659, -50
11, R11I03, -98.164, -26.711, -50
11, R11I03, -84.745, 9.24412, -50
11, R11I03, -76.281, 48.1388, -60
11, R11I03, -82.367, 74.9723, -60
11, R11I03, -89.078, 101.789, -60
11, R11I03, -83.421, 115.465, -60
11, R11I03, -73.216, 124.173, -60
11, R11I03, -52.773, 132.891, -60
11, R11I03, -30.441, 136.904, -60
11, R11I03, -13.492, 138.171, -60
11, R11I03, 3.52326, 138.559, -60
11, R11I03, 20.8167, 138.461, -60
11, R11I03, 38.1093, 138.41, -60
11, R11I03, 55.4323, 139.513, -60
11, R11I03, 72.7347, 138.427, -60
11, R11I03, 92.6392, 136.292, -60
11, R11I03, 112.054, 131.873, -60
11, R11I03, 128.664, 124.956, -60
11, R11I03, 143.938, 115.451, -60
11, R11I03, 146.794, 113.33, -60
11, R11I03, 149.497, 111.027, -60
11, R11I03, 156.036, 99.6619, -60
11, R11I03, 160.1, 86.6496, -60
11, R11I03, 164.739, 72.5019, -60
11, R11I03, 169.097, 58.272, -60
11, R11I03, 174.657, 32.5238, -60
11, R11I03, 175.773, 6.8304, -60
11, R11I03, 169.767, -8.1701, -60
11, R11I03, 160.064, -20.721, -60
11, R11I03, 139.365, -37.65, -60
11, R11I03, 116.055, -48.729, -60
11, R11I03, 91.8734, -59.526, -60
11, R11I03, 65.6929, -68.685, -60
11, R11I03, 40.9823, -70.394, -60
11, R11I03, 24.067, -75.504, -60
11, R11I03, 7.36479, -79.363, -60
11, R11I03, -25.098, -88.178, -60
11, R11I03, -47.003, -95.124, -60
11, R11I03, -69.411, -102.57, -60
11, R11I03, -84.537, -113.31, -60
11, R11I03, -99.997, -123.21, -60
11, R11I03, -113.92, -126.44, -60
11, R11I03, -120.52, -121.13, -60
11, R11I03, -124.64, -113.04, -60
11, R11I03, -122.86, -94.7, -60
11, R11I03, -115.02, -76.287, -60
11, R11I03, -110.05, -62.98, -60
11, R11I03, -105.12, -49.659, -60
11, R11I03, -100.31, -38.186, -60
11, R11I03, -95.501, -26.711, -60
11, R11I03, -83.122, 9.8829, -60
11, R11I03, -79.933, 28.8957, -60
11, R11I03, -72.921, 48.1388, -70
11, R11I03, -79.445, 74.9723, -70
11, R11I03, -84.352, 88.3813, -70
11, R11I03, -85.988, 101.789, -70
11, R11I03, -77.834, 114.923, -70
11, R11I03, -63.798, 123.822, -70
11, R11I03, -47.457, 127.116, -70
11, R11I03, -30.441, 127.938, -70
11, R11I03, -13.461, 129.751, -70
11, R11I03, 3.52326, 131.497, -70
11, R11I03, 20.8182, 131.881, -70
11, R11I03, 38.1301, 131.958, -70
11, R11I03, 55.436, 133.332, -70
11, R11I03, 72.7347, 134.096, -70
11, R11I03, 99.6045, 130.943, -70
11, R11I03, 125.306, 122.555, -70
11, R11I03, 136.587, 117.979, -70
11, R11I03, 145.946, 111.027, -70
11, R11I03, 149.248, 98.7046, -70
11, R11I03, 149.707, 84.9951, -70
11, R11I03, 153.074, 71.5369, -70
11, R11I03, 157.451, 58.272, -70
11, R11I03, 166.489, 33.1537, -70
11, R11I03, 169.181, 7.70456, -70
11, R11I03, 161.991, -8.8487, -70
11, R11I03, 149.893, -22.839, -70
11, R11I03, 133.913, -34.165, -70
11, R11I03, 116.055, -42.598, -70
11, R11I03, 110.184, -44.83, -70
11, R11I03, 104.285, -46.991, -70
11, R11I03, 98.0497, -49.353, -70
11, R11I03, 91.8734, -51.862, -70
11, R11I03, 78.9193, -58.996, -70
11, R11I03, 65.6929, -65.379, -70
11, R11I03, 53.4509, -67.537, -70
11, R11I03, 40.9823, -67.834, -70
11, R11I03, 24.0892, -72.528, -70
11, R11I03, 7.36479, -77.1, -70
11, R11I03, -8.873, -79.998, -70
11, R11I03, -25.098, -82.947, -70
11, R11I03, -36.081, -86.066, -70
11, R11I03, -47.003, -89.427, -70
11, R11I03, -69.411, -95.145, -70
11, R11I03, -83.783, -103.89, -70
11, R11I03, -98.485, -111.53, -70
11, R11I03, -110.44, -114.85, -70
11, R11I03, -120.25, -112.14, -70
11, R11I03, -119.17, -96.177, -70
11, R11I03, -113.59, -85.998, -70
11, R11I03, -106.81, -76.287, -70
11, R11I03, -96.565, -50.519, -70
11, R11I03, -89.725, -23.216, -70
11, R11I03, -81.854, 3.29172, -70
11, R11I03, -75.218, 30.0579, -70
11, R11I03, -85.915, -26.711, -80
11, R11I03, -81.63, -4.5674, -80
11, R11I03, -77.71, 17.4401, -80
11, R11I03, -74.855, 40.2098, -80
11, R11I03, -73.953, 63.0194, -80
11, R11I03, -75.073, 77.7347, -80
11, R11I03, -66.796, 100.037, -80
11, R11I03, -50.527, 110.16, -80
11, R11I03, -40.553, 112.423, -80
11, R11I03, -30.441, 113.167, -80
11, R11I03, -13.366, 116.02, -80
11, R11I03, 3.52326, 118.215, -80
11, R11I03, 20.7498, 120.57, -80
11, R11I03, 38.1301, 121.136, -80
11, R11I03, 55.3766, 124.421, -80
11, R11I03, 72.7347, 125.661, -80
11, R11I03, 92.4745, 127.016, -80
11, R11I03, 112.054, 124.643, -80
11, R11I03, 129.523, 120.561, -80
11, R11I03, 136.903, 116.626, -80
11, R11I03, 142.874, 111.027, -80
11, R11I03, 144.94, 105.084, -80
11, R11I03, 145.394, 98.6308, -80
11, R11I03, 146.81, 84.9951, -80
11, R11I03, 144.25, 71.633, -80
11, R11I03, 144.676, 58.272, -80
11, R11I03, 147.151, 33.5283, -80
11, R11I03, 146.377, 9.11295, -80
11, R11I03, 136.643, -20.018, -80
11, R11I03, 127.743, -31.734, -80
11, R11I03, 116.075, -40.176, -80
11, R11I03, 104.285, -43.112, -80
11, R11I03, 91.8734, -48.215, -80
11, R11I03, 65.6929, -60.389, -80
11, R11I03, 40.9823, -65.06, -80
11, R11I03, 7.36479, -73.727, -80
11, R11I03, -25.098, -75.342, -80
11, R11I03, -43.505, -83.701, -80
11, R11I03, -61.808, -88.811, -80
11, R11I03, -76.886, -93.306, -80
11, R11I03, -83.384, -94.018, -80
11, R11I03, -93.437, -91.611, -80
11, R11I03, -94.053, -84.064, -80
11, R11I03, -92.353, -75.356, -80
11, R11I03, -88.955, -55.345, -80
11, R11I03, -78.465, 15.7137, -90
11, R11I03, -76.323, 36.4693, -90
11, R11I03, -75.024, 57.2366, -90
11, R11I03, -73.608, 71.6571, -90
11, R11I03, -70.552, 85.059, -90
11, R11I03, -61.112, 97.5354, -90
11, R11I03, -55.742, 99.98, -90
11, R11I03, -49.941, 101.382, -90
11, R11I03, -40.224, 101.487, -90
11, R11I03, -30.441, 101.052, -90
11, R11I03, -13.395, 104.799, -90
11, R11I03, 3.52326, 108.291, -90
11, R11I03, 20.7973, 110.795, -90
11, R11I03, 38.1301, 114.642, -90
11, R11I03, 55.4466, 117.226, -90
11, R11I03, 72.7347, 119.708, -90
11, R11I03, 92.4612, 123.769, -90
11, R11I03, 112.054, 124.4, -90
11, R11I03, 121.095, 121.606, -90
11, R11I03, 129.727, 120.955, -90
11, R11I03, 138.339, 117.224, -90
11, R11I03, 145.418, 108.277, -90
11, R11I03, 147.115, 96.8961, -90
11, R11I03, 145.391, 84.9951, -90
11, R11I03, 141.031, 71.5709, -90
11, R11I03, 136.154, 58.272, -90
11, R11I03, 133.262, 46.1652, -90
11, R11I03, 131.119, 33.8781, -90
11, R11I03, 130.604, 21.4894, -90
11, R11I03, 128.659, 9.11295, -90
11, R11I03, 124.628, -12.783, -90
11, R11I03, 122.815, -23.117, -90
11, R11I03, 120.624, -32.853, -90
11, R11I03, 115.665, -41.012, -90
11, R11I03, 110.321, -44.552, -90
11, R11I03, 104.285, -44.787, -90
11, R11I03, 91.8734, -49.103, -90
11, R11I03, 78.9355, -53.644, -90
11, R11I03, 65.6929, -55.713, -90
11, R11I03, 46.5966, -56.414, -90
11, R11I03, 26.9091, -62.105, -90
11, R11I03, 7.36479, -68.663, -90
11, R11I03, -8.7854, -71.121, -90
11, R11I03, -25.078, -72.899, -90
11, R11I03, -39.201, -78.964, -90
11, R11I03, -53.384, -84.705, -90
11, R11I03, -65.621, -86.941, -90
11, R11I03, -71.473, -86.382, -90
11, R11I03, -76.936, -86.757, -90
11, R11I03, -81.895, -78.853, -90
11, R11I03, -83.071, -71.794, -90
11, R11I03, -82.85, -55.345, -90
11, R11I03, -83.963, -41.028, -90
11, R11I03, -83.673, -26.711, -90
11, R11I03, -81.243, -5.4762, -90
11, R11I03, -79.912, 15.7137, -100
11, R11I03, -79.823, 33.0279, -100
11, R11I03, -80.15, 49.9493, -100
11, R11I03, -79.365, 69.8822, -100
11, R11I03, -73.54, 87.8236, -100
11, R11I03, -63.194, 97.3589, -100
11, R11I03, -49.941, 102.653, -100
11, R11I03, -30.42, 102.43, -100
11, R11I03, 3.52326, 103.879, -100
11, R11I03, 38.1301, 110.386, -100
11, R11I03, 72.7347, 118.241, -100
11, R11I03, 112.033, 126.194, -100
11, R11I03, 118.693, 126.183, -100
11, R11I03, 125.285, 125.476, -100
11, R11I03, 139.839, 120.907, -100
11, R11I03, 145.688, 116.636, -100
11, R11I03, 150.09, 111.027, -100
11, R11I03, 149.984, 98.2607, -100
11, R11I03, 144.79, 84.9951, -100
11, R11I03, 133.407, 58.272, -100
11, R11I03, 128.785, 33.9066, -100
11, R11I03, 125.942, 9.11295, -100
11, R11I03, 121.14, -18.964, -100
11, R11I03, 119.926, -30.261, -100
11, R11I03, 116.075, -40.176, -100
11, R11I03, 110.714, -44.115, -100
11, R11I03, 104.306, -46.58, -100
11, R11I03, 98.3207, -48.064, -100
11, R11I03, 92.2237, -49.069, -100
11, R11I03, 65.6929, -49.901, -100
11, R11I03, 40.9823, -50.185, -100
11, R11I03, 24.0888, -55.921, -100
11, R11I03, 7.36479, -62.502, -100
11, R11I03, -8.9486, -64.685, -100
11, R11I03, -25.078, -67.405, -100
11, R11I03, -36.046, -73.818, -100
11, R11I03, -47.003, -80.263, -100
11, R11I03, -62.956, -85.159, -100
11, R11I03, -70.542, -84.674, -100
11, R11I03, -77.406, -81.91, -100
11, R11I03, -81.261, -70.059, -100
11, R11I03, -80.645, -55.345, -100
11, R11I03, -83.476, -41.019, -100
11, R11I03, -85.008, -26.711, -100
11, R11I03, -83.838, -5.5292, -100
11, R11I03, -81.939, 15.7137, -110
11, R11I03, -81.817, 33.0279, -110
11, R11I03, -84.139, 49.9493, -110
11, R11I03, -82.305, 66.8891, -110
11, R11I03, -81.406, 82.6476, -110
11, R11I03, -75.988, 89.5933, -110
11, R11I03, -68.545, 94.7401, -110
11, R11I03, -49.941, 100.255, -110
11, R11I03, -40.215, 101.1, -110
11, R11I03, -30.42, 101.276, -110
11, R11I03, -13.439, 101.549, -110
11, R11I03, -4.9569, 101.048, -110
11, R11I03, 3.52326, 100.764, -110
11, R11I03, 20.9733, 103.352, -110
11, R11I03, 38.1301, 108.084, -110
11, R11I03, 55.4664, 113.147, -110
11, R11I03, 64.0982, 115.811, -110
11, R11I03, 72.7347, 118.461, -110
11, R11I03, 92.3495, 123.883, -110
11, R11I03, 112.033, 129.066, -110
11, R11I03, 125.285, 132.707, -110
11, R11I03, 139.916, 132.873, -110
11, R11I03, 151.807, 126.84, -110
11, R11I03, 153.814, 114.224, -110
11, R11I03, 149.707, 100.086, -110
11, R11I03, 145.871, 89.4236, -110
11, R11I03, 141.207, 79.1138, -110
11, R11I03, 134.025, 68.7883, -110
11, R11I03, 128.299, 58.272, -110
11, R11I03, 125.257, 34.348, -110
11, R11I03, 124.301, 21.7295, -110
11, R11I03, 124.814, 15.4172, -110
11, R11I03, 125.521, 9.11295, -110
11, R11I03, 127.012, -5.033, -110
11, R11I03, 125.999, -18.964, -110
11, R11I03, 122.078, -31.127, -110
11, R11I03, 118.667, -36.197, -110
11, R11I03, 114.157, -40.176, -110
11, R11I03, 108.181, -42.041, -110
11, R11I03, 101.749, -42.541, -110
11, R11I03, 96.9876, -42.669, -110
11, R11I03, 92.2237, -42.74, -110
11, R11I03, 65.6929, -44.275, -110
11, R11I03, 40.9823, -44.91, -110
11, R11I03, 24.035, -48.094, -110
11, R11I03, 7.36479, -52.693, -110
11, R11I03, -9.0935, -57.564, -110
11, R11I03, -25.078, -63.672, -110
11, R11I03, -35.911, -70.42, -110
11, R11I03, -47.003, -76.512, -110
11, R11I03, -63.347, -81.815, -110
11, R11I03, -70.909, -81.39, -110
11, R11I03, -77.626, -78.541, -110
11, R11I03, -80.515, -68.095, -110
11, R11I03, -79.426, -55.345, -110
11, R11I03, -81.573, -41.017, -110
11, R11I03, -84.34, -26.711, -110
11, R11I03, -83.931, -5.5409, -110
11, R11I03, -81.615, 15.7137, -120
11, R11I03, -83.018, 33.0279, -120
11, R11I03, -84.498, 49.9493, -120
11, R11I03, -84.406, 67.0054, -120
11, R11I03, -78.395, 82.1717, -120
11, R11I03, -65.66, 91.2306, -120
11, R11I03, -49.941, 96.053, -120
11, R11I03, -40.239, 98.0849, -120
11, R11I03, -30.42, 99.4367, -120
11, R11I03, -13.423, 98.895, -120
11, R11I03, 3.52326, 100.465, -120
11, R11I03, 20.9676, 104.966, -120
11, R11I03, 38.1301, 110.699, -120
11, R11I03, 55.4094, 116.17, -120
11, R11I03, 72.7347, 121.496, -120
11, R11I03, 92.3455, 127.6, -120
11, R11I03, 112.033, 133.441, -120
11, R11I03, 118.626, 135.363, -120
11, R11I03, 125.285, 137.002, -120
11, R11I03, 145.887, 139.985, -120
11, R11I03, 154.775, 139.408, -120
11, R11I03, 162.793, 136.432, -120
11, R11I03, 164.571, 128.808, -120
11, R11I03, 162.356, 120.015, -120
11, R11I03, 156.635, 109.76, -120
11, R11I03, 149.707, 100.086, -120
11, R11I03, 134.649, 80.1112, -120
11, R11I03, 128.443, 69.5242, -120
11, R11I03, 123.729, 58.272, -120
11, R11I03, 122.553, 46.216, -120
11, R11I03, 123.461, 33.9605, -120
11, R11I03, 125.534, 21.5304, -120
11, R11I03, 127.718, 9.11295, -120
11, R11I03, 131.554, -8.7622, -120
11, R11I03, 129.756, -25.53, -120
11, R11I03, 125.097, -32.041, -120
11, R11I03, 118.6, -36.658, -120
11, R11I03, 111.622, -38.162, -120
11, R11I03, 104.306, -38.176, -120
11, R11I03, 92.2237, -37.28, -120
11, R11I03, 65.6929, -40.395, -120
11, R11I03, 40.9823, -40.656, -120
11, R11I03, 24.0243, -42.675, -120
11, R11I03, 7.36479, -46.365, -120
11, R11I03, -9.0417, -52.46, -120
11, R11I03, -25.078, -59.609, -120
11, R11I03, -35.965, -64.569, -120
11, R11I03, -47.003, -69.153, -120
11, R11I03, -57.971, -74.498, -120
11, R11I03, -68.845, -75.625, -120
11, R11I03, -75.924, -67.452, -120
11, R11I03, -79.343, -55.345, -120
11, R11I03, -82.06, -37.985, -120
11, R11I03, -83.066, -20.397, -120
11, R11I03, -81.085, 15.7137, -130
11, R11I03, -81.398, 33.0279, -130
11, R11I03, -82.707, 41.4834, -130
11, R11I03, -82.443, 49.9493, -130
11, R11I03, -81.625, 61.4935, -130
11, R11I03, -78.352, 72.2775, -130
11, R11I03, -66.024, 82.5521, -130
11, R11I03, -49.941, 88.7907, -130
11, R11I03, -40.249, 92.3747, -130
11, R11I03, -30.42, 95.5285, -130
11, R11I03, -13.456, 98.3161, -130
11, R11I03, 3.58918, 100.794, -130
11, R11I03, 21.0157, 106.056, -130
11, R11I03, 38.1301, 112.458, -130
11, R11I03, 55.3365, 118.846, -130
11, R11I03, 72.7347, 124.652, -130
11, R11I03, 92.6165, 128.535, -130
11, R11I03, 112.033, 133.662, -130
11, R11I03, 118.626, 137.345, -130
11, R11I03, 125.285, 138.791, -130
11, R11I03, 137.231, 141.77, -130
11, R11I03, 149.64, 142.631, -130
11, R11I03, 159.91, 141.13, -130
11, R11I03, 168.685, 136.432, -130
11, R11I03, 169.389, 128.082, -130
11, R11I03, 165.791, 119.155, -130
11, R11I03, 158.315, 109.25, -130
11, R11I03, 149.707, 100.086, -130
11, R11I03, 134.811, 83.871, -130
11, R11I03, 122.7, 65.8259, -130
11, R11I03, 119.355, 58.6027, -130
11, R11I03, 117.418, 51.0043, -130
11, R11I03, 118.205, 43.4074, -130
11, R11I03, 120.295, 35.8989, -130
11, R11I03, 126.027, 20.63, -130
11, R11I03, 131.313, 5.24332, -130
11, R11I03, 133.593, -5.5346, -130
11, R11I03, 134.607, -16.488, -130
11, R11I03, 134.814, -21.352, -130
11, R11I03, 134.266, -26.115, -130
11, R11I03, 129.414, -31.444, -130
11, R11I03, 122.25, -34.562, -130
11, R11I03, 104.306, -35.32, -130
11, R11I03, 101.282, -34.955, -130
11, R11I03, 98.2652, -34.525, -130
11, R11I03, 92.2237, -33.742, -130
11, R11I03, 78.9704, -34.864, -130
11, R11I03, 65.6929, -36.584, -130
11, R11I03, 40.9823, -34.353, -130
11, R11I03, 24.0335, -35.049, -130
11, R11I03, 7.36479, -37.961, -130
11, R11I03, -9.0609, -44.54, -130
11, R11I03, -25.078, -52.335, -130
11, R11I03, -41.675, -61.359, -130
11, R11I03, -59.051, -65.714, -130
11, R11I03, -71.098, -62.602, -130
11, R11I03, -77.584, -55.345, -130
11, R11I03, -80.578, -38.755, -130
11, R11I03, -79.678, -20.735, -130
11, R11I03, -80.525, -2.5104, -130
11, R11I03, -78.643, 15.7137, -140
11, R11I03, -77.882, 33.0279, -140
11, R11I03, -75.295, 52.4377, -140
11, R11I03, -69.523, 67.1811, -140
11, R11I03, -59.99, 79.5073, -140
11, R11I03, -46.088, 87.6547, -140
11, R11I03, -30.42, 92.7678, -140
11, R11I03, 3.58918, 99.2494, -140
11, R11I03, 38.1301, 111.732, -140
11, R11I03, 72.7347, 122.771, -140
11, R11I03, 92.5235, 126.865, -140
11, R11I03, 112.033, 133.888, -140
11, R11I03, 125.285, 137.506, -140
11, R11I03, 149.583, 140.798, -140
11, R11I03, 159.616, 139.921, -140
11, R11I03, 165.387, 136.432, -140
11, R11I03, 165.959, 128.153, -140
11, R11I03, 161.703, 119.253, -140
11, R11I03, 146.193, 100.086, -140
11, R11I03, 130.837, 80.6998, -140
11, R11I03, 122.206, 69.9826, -140
11, R11I03, 115.499, 58.272, -140
11, R11I03, 117.674, 33.9777, -140
11, R11I03, 129.048, 9.11295, -140
11, R11I03, 136.339, -9.8182, -140
11, R11I03, 137.474, -18.935, -140
11, R11I03, 136.242, -27.399, -140
11, R11I03, 121.38, -35.301, -140
11, R11I03, 104.306, -32.251, -140
11, R11I03, 92.2237, -31.653, -140
11, R11I03, 65.6929, -30.806, -140
11, R11I03, 40.9823, -31.262, -140
11, R11I03, 7.36479, -32.284, -140
11, R11I03, -9.039, -37.857, -140
11, R11I03, -25.012, -43.186, -140
11, R11I03, -41.753, -52.657, -140
11, R11I03, -59.051, -58.365, -140
11, R11I03, -65.879, -57.764, -140
11, R11I03, -72.184, -55.345, -140
11, R11I03, -77.468, -42.146, -140
11, R11I03, -78.313, -25.27, -140
11, R11I03, -80.225, -4.7864, -140
11, R11I03, -78.116, 15.7137, -150
11, R11I03, -75.935, 33.0279, -150
11, R11I03, -69.251, 48.9085, -150
11, R11I03, -58.943, 62.8062, -150
11, R11I03, -45.775, 74.1746, -150
11, R11I03, -30.42, 82.3021, -150
11, R11I03, -13.622, 86.5668, -150
11, R11I03, -5.0194, 88.1355, -150
11, R11I03, 3.54759, 89.8522, -150
11, R11I03, 21.0056, 96.4703, -150
11, R11I03, 38.1301, 104.183, -150
11, R11I03, 55.2584, 110.462, -150
11, R11I03, 72.7347, 115.724, -150
11, R11I03, 88.1879, 119.646, -150
11, R11I03, 112.033, 129.007, -150
11, R11I03, 131.401, 134.49, -150
11, R11I03, 151.216, 138.507, -150
11, R11I03, 156.342, 137.942, -150
11, R11I03, 161.215, 136.432, -150
11, R11I03, 162.488, 129.232, -150
11, R11I03, 159.057, 120.48, -150
11, R11I03, 151.186, 111.313, -150
11, R11I03, 142.587, 100.086, -150
11, R11I03, 125.79, 80.5924, -150
11, R11I03, 116.524, 70.0972, -150
11, R11I03, 110.258, 58.272, -150
11, R11I03, 111.264, 45.9374, -150
11, R11I03, 115.893, 33.7805, -150
11, R11I03, 128.395, 9.11295, -150
11, R11I03, 136.041, -10.154, -150
11, R11I03, 136.57, -19.102, -150
11, R11I03, 134.266, -27.399, -150
11, R11I03, 121.204, -31.906, -150
11, R11I03, 104.306, -32.742, -150
11, R11I03, 98.2591, -32.406, -150
11, R11I03, 92.2237, -31.864, -150
11, R11I03, 65.6929, -28.441, -150
11, R11I03, 40.9823, -29.487, -150
11, R11I03, 24.1534, -28.004, -150
11, R11I03, 7.36479, -25.855, -150
11, R11I03, -13.209, -27.456, -150
11, R11I03, -33.751, -30.412, -150
11, R11I03, -52.486, -33.892, -150
11, R11I03, -74.58, -19.572, -150
11, R11I03, -78.503, -3.6146, -150
11, R11I03, -76.756, 15.7137, -160
11, R11I03, -74.362, 33.0279, -160
11, R11I03, -67.375, 46.5297, -160
11, R11I03, -56.054, 58.0555, -160
11, R11I03, -43.223, 67.519, -160
11, R11I03, -30.42, 73.165, -160
11, R11I03, -13.405, 76.6813, -160
11, R11I03, 3.54759, 79.6323, -160
11, R11I03, 21.1149, 89.6543, -160
11, R11I03, 38.1301, 100.273, -160
11, R11I03, 55.0673, 107.426, -160
11, R11I03, 72.7347, 112.718, -160
11, R11I03, 88.1879, 116.348, -160
11, R11I03, 104.428, 123.67, -160
11, R11I03, 120.612, 127.257, -160
11, R11I03, 134.903, 128.189, -160
11, R11I03, 142.107, 126.983, -160
11, R11I03, 145.887, 115.452, -160
11, R11I03, 142.039, 103.066, -160
11, R11I03, 123.867, 80.1327, -160
11, R11I03, 114.648, 69.7523, -160
11, R11I03, 107.544, 58.272, -160
11, R11I03, 114.32, 34.0499, -160
11, R11I03, 128.395, 9.11295, -160
11, R11I03, 132.397, -6.1529, -160
11, R11I03, 130.142, -22.638, -160
11, R11I03, 119.012, -28.186, -160
11, R11I03, 104.306, -29.042, -160
11, R11I03, 84.9973, -26.291, -160
11, R11I03, 65.6929, -23.235, -160
11, R11I03, 40.9823, -24.369, -160
11, R11I03, 24.1396, -22.745, -160
11, R11I03, 7.36479, -20.243, -160
11, R11I03, -11.806, -17.676, -160
11, R11I03, -30.995, -16.948, -160
11, R11I03, -50.038, -20.263, -160
11, R11I03, -67.638, -18.787, -160
11, R11I03, -76.273, -10.306, -160
11, R11I03, -79.257, 1.67589, -160
11, R11I03, -74.506, 15.7137, -170
11, R11I03, -72.069, 33.0279, -170
11, R11I03, -57.745, 52.5937, -170
11, R11I03, -30.42, 70.5632, -170
11, R11I03, 3.54759, 77.1386, -170
11, R11I03, 20.9863, 86.4673, -170
11, R11I03, 38.1301, 98, -170
11, R11I03, 72.7347, 109.667, -170
11, R11I03, 88.1879, 113.701, -170
11, R11I03, 112.033, 120.354, -170
11, R11I03, 126.628, 113.331, -170
11, R11I03, 136.104, 100.086, -170
11, R11I03, 122.732, 79.5279, -170
11, R11I03, 105.44, 58.272, -170
11, R11I03, 114.023, 34.016, -170
11, R11I03, 125.92, 9.11295, -170
11, R11I03, 129.097, -5.8381, -170
11, R11I03, 126.126, -19.352, -170
11, R11I03, 116.504, -25.555, -170
11, R11I03, 104.306, -26.926, -170
11, R11I03, 98.2358, -26.366, -170
11, R11I03, 92.2237, -25.153, -170
11, R11I03, 65.6929, -16.579, -170
11, R11I03, 40.9823, -20.788, -170
11, R11I03, 7.36479, -17.391, -170
11, R11I03, -11.731, -10.937, -170
11, R11I03, -30.995, -6.3197, -170
11, R11I03, -50.136, -13.789, -170
11, R11I03, -67.618, -16.12, -170
11, R11I03, -77.005, -4.0833, -170
