Report_Number, Iceberg_Number, X_Value, Y_Value, Z_Value
12, R12I08, 130.2118, -35.10761, -10
12, R12I08, 130.5499, -38.15064, -10
12, R12I08, 130.8129, -41.15611, -10
12, R12I08, 131.2637, -44.57483, -10
12, R12I08, 131.7897, -48.06868, -10
12, R12I08, 131.8273, -51.26199, -10
12, R12I08, 131.7897, -54.41772, -10
12, R12I08, 131.8273, -57.49833, -10
12, R12I08, 132.0903, -60.65407, -10
12, R12I08, 132.2781, -64.26063, -10
12, R12I08, 132.5411, -67.67935, -10
12, R12I08, 132.5035, -70.94779, -10
12, R12I08, 132.2781, -74.47921, -10
12, R12I08, 131.9024, -78.01064, -10
12, R12I08, 131.4891, -81.50449, -10
12, R12I08, 131.1886, -84.50996, -10
12, R12I08, 130.9256, -87.59057, -10
12, R12I08, 131.151, -91.15955, -10
12, R12I08, 130.3245, -95.10423, -10
12, R12I08, 129.0472, -98.86106, -10
12, R12I08, 128.4837, -102.2798, -10
12, R12I08, 127.5444, -105.2477, -10
12, R12I08, 126.4174, -108.3283, -10
12, R12I08, 125.0649, -111.4465, -10
12, R12I08, 123.3744, -114.3016, -10
12, R12I08, 121.4208, -116.8563, -10
12, R12I08, 118.4905, -118.9977, -10
12, R12I08, 115.748, -120.4628, -10
12, R12I08, 112.968, -122.0407, -10
12, R12I08, 109.7371, -122.5291, -10
12, R12I08, 106.3559, -122.454, -10
12, R12I08, 103.0875, -122.2286, -10
12, R12I08, 100.2699, -121.1767, -10
12, R12I08, 97.11411, -119.7491, -10
12, R12I08, 93.65784, -118.7347, -10
12, R12I08, 90.50209, -117.5325, -10
12, R12I08, 87.27122, -116.4806, -10
12, R12I08, 83.89007, -114.8276, -10
12, R12I08, 80.95972, -113.8884, -10
12, R12I08, 77.80402, -113.5503, -10
12, R12I08, 74.83611, -114.2641, -10
12, R12I08, 71.86821, -115.4287, -10
12, R12I08, 69.20087, -116.8939, -10
12, R12I08, 66.15784, -116.5557, -10
12, R12I08, 67.13461, -113.663, -10
12, R12I08, 69.08814, -111.0708, -10
12, R12I08, 67.66058, -108.3283, -10
12, R12I08, 64.95563, -106.6377, -10
12, R12I08, 62.02532, -108.2156, -10
12, R12I08, 59.6585, -110.4697, -10
12, R12I08, 57.36684, -112.6111, -10
12, R12I08, 54.54922, -111.484, -10
12, R12I08, 53.91053, -108.4785, -10
12, R12I08, 53.30944, -105.3228, -10
12, R12I08, 51.0929, -103.1814, -10
12, R12I08, 47.74936, -102.693, -10
12, R12I08, 78.74323, 91.42252, -20
12, R12I08, 80.58404, 88.60489, -20
12, R12I08, 82.57518, 86.12539, -20
12, R12I08, 84.97956, 83.72101, -20
12, R12I08, 87.1585, 81.6172, -20
12, R12I08, 89.56288, 78.98741, -20
12, R12I08, 91.62914, 76.1322, -20
12, R12I08, 93.39487, 73.54, -20
12, R12I08, 95.04784, 71.02292, -20
12, R12I08, 97.15171, 67.86717, -20
12, R12I08, 98.84229, 65.35011, -20
12, R12I08, 100.7958, 62.4949, -20
12, R12I08, 102.2234, 59.67728, -20
12, R12I08, 103.4256, 56.89724, -20
12, R12I08, 105.1162, 54.04203, -20
12, R12I08, 107.0697, 50.84872, -20
12, R12I08, 109.0233, 48.0311, -20
12, R12I08, 111.2398, 45.13833, -20
12, R12I08, 113.3437, 42.65883, -20
12, R12I08, 115.2972, 40.32959, -20
12, R12I08, 117.4762, 37.62467, -20
12, R12I08, 119.4673, 35.22031, -20
12, R12I08, 121.2706, 32.47783, -20
12, R12I08, 123.1114, 29.32207, -20
12, R12I08, 124.9898, 26.27905, -20
12, R12I08, 126.718, 23.38628, -20
12, R12I08, 128.371, 20.11783, -20
12, R12I08, 130.1742, 17.22507, -20
12, R12I08, 132.0526, 14.63287, -20
12, R12I08, 133.5178, 12.00309, -20
12, R12I08, 135.0957, 8.847337, -20
12, R12I08, 136.4857, 5.917012, -20
12, R12I08, 137.6503, 3.136946, -20
12, R12I08, 138.9277, -0.1315029, -20
12, R12I08, 140.2801, -3.399929, -20
12, R12I08, 141.5199, -6.292695, -20
12, R12I08, 143.1729, -9.598703, -20
12, R12I08, 144.7508, -12.52905, -20
12, R12I08, 146.4038, -15.49693, -20
12, R12I08, 147.9065, -18.3897, -20
12, R12I08, 149.2965, -21.3576, -20
12, R12I08, 150.7993, -24.55091, -20
12, R12I08, 152.6026, -27.55637, -20
12, R12I08, 154.0301, -30.56184, -20
12, R12I08, 155.1572, -32.47783, -20
12, R12I08, 156.6599, -34.31867, -20
12, R12I08, 112.968, -35.25788, -30
12, R12I08, 113.3437, -38.60146, -30
12, R12I08, 113.9447, -41.79477, -30
12, R12I08, 114.7337, -45.66431, -30
12, R12I08, 115.0718, -49.00789, -30
12, R12I08, 115.5602, -52.12606, -30
12, R12I08, 116.3867, -55.3945, -30
12, R12I08, 117.4386, -58.66295, -30
12, R12I08, 118.1524, -62.0441, -30
12, R12I08, 118.7159, -65.68822, -30
12, R12I08, 118.9037, -69.36993, -30
12, R12I08, 118.7159, -72.60079, -30
12, R12I08, 118.3402, -76.24493, -30
12, R12I08, 117.8894, -79.25039, -30
12, R12I08, 117.2883, -82.40613, -30
12, R12I08, 116.7624, -85.4116, -30
12, R12I08, 116.3116, -88.64247, -30
12, R12I08, 116.1988, -92.21146, -30
12, R12I08, 116.6121, -95.40477, -30
12, R12I08, 117.1005, -98.63565, -30
12, R12I08, 116.7999, -101.829, -30
12, R12I08, 114.3204, -104.2709, -30
12, R12I08, 111.3149, -104.9847, -30
12, R12I08, 108.0089, -105.0974, -30
12, R12I08, 104.6654, -104.4963, -30
12, R12I08, 101.735, -103.482, -30
12, R12I08, 98.692, -102.8433, -30
12, R12I08, 95.91193, -101.566, -30
12, R12I08, 93.0192, -100.6643, -30
12, R12I08, 89.93856, -100.176, -30
12, R12I08, 86.89554, -100.1384, -30
12, R12I08, 83.66467, -99.98811, -30
12, R12I08, 80.24596, -99.01134, -30
12, R12I08, 77.54102, -97.02021, -30
12, R12I08, 75.09908, -95.2545, -30
12, R12I08, 72.61958, -93.30094, -30
12, R12I08, 70.25275, -91.04684, -30
12, R12I08, 67.54785, -88.56733, -30
12, R12I08, 64.99319, -85.86242, -30
12, R12I08, 62.62641, -83.53318, -30
12, R12I08, 59.99662, -81.42935, -30
12, R12I08, 57.25412, -79.51337, -30
12, R12I08, 54.36137, -77.74766, -30
12, R12I08, 50.98022, -75.83167, -30
12, R12I08, 48.23772, -74.59192, -30
12, R12I08, 45.30742, -73.3146, -30
12, R12I08, 41.96383, -72.03727, -30
12, R12I08, 38.88322, -70.87266, -30
12, R12I08, 36.06559, -69.67047, -30
12, R12I08, 33.02254, -68.24287, -30
12, R12I08, 30.16736, -66.96555, -30
12, R12I08, 27.2746, -65.57552, -30
12, R12I08, 24.11887, -64.48605, -30
12, R12I08, 20.77528, -63.50927, -30
12, R12I08, 17.50683, -62.72033, -30
12, R12I08, 13.93784, -61.89382, -30
12, R12I08, 10.66939, -61.21759, -30
12, R12I08, 7.513666, -60.54137, -30
12, R12I08, 4.508199, -59.9027, -30
12, R12I08, 1.390033, -58.96349, -30
12, R12I08, -1.615433, -57.64861, -30
12, R12I08, -4.35794, -56.33371, -30
12, R12I08, -7.400965, -54.568, -30
12, R12I08, -9.805347, -52.46418, -30
12, R12I08, -11.83402, -50.17251, -30
12, R12I08, -13.56218, -47.5803, -30
12, R12I08, -15.25276, -44.38699, -30
12, R12I08, -16.64277, -41.56936, -30
12, R12I08, -17.73226, -38.11307, -30
12, R12I08, -18.22064, -34.95734, -30
12, R12I08, -18.82175, -31.83916, -30
12, R12I08, -19.49797, -28.68342, -30
12, R12I08, -20.13664, -25.152, -30
12, R12I08, -20.62502, -21.47031, -30
12, R12I08, -20.888, -18.16429, -30
12, R12I08, -21.03826, -14.70801, -30
12, R12I08, -21.26369, -11.47712, -30
12, R12I08, -21.52665, -8.434094, -30
12, R12I08, -21.93991, -4.71482, -30
12, R12I08, -22.61614, -1.371253, -30
12, R12I08, -23.32994, 1.897196, -30
12, R12I08, -24.23157, 5.428628, -30
12, R12I08, -25.28348, 8.396512, -30
12, R12I08, -26.59837, 12.0782, -30
12, R12I08, -28.1011, 15.34665, -30
12, R12I08, -29.82926, 18.31456, -30
12, R12I08, -31.48225, 21.20732, -30
12, R12I08, -33.32311, 24.10007, -30
12, R12I08, -35.23909, 26.69229, -30
12, R12I08, -37.19265, 29.50992, -30
12, R12I08, -38.84566, 32.17726, -30
12, R12I08, -38.46998, 35.22031, -30
12, R12I08, -36.40372, 37.58711, -30
12, R12I08, -33.6988, 39.0147, -30
12, R12I08, -31.97066, 41.71962, -30
12, R12I08, -31.51984, 44.83779, -30
12, R12I08, -29.82926, 47.46757, -30
12, R12I08, -27.08678, 46.22782, -30
12, R12I08, -24.5697, 44.46211, -30
12, R12I08, -21.75207, 42.84667, -30
12, R12I08, -18.67146, 43.37264, -30
12, R12I08, -17.39413, 46.22782, -30
12, R12I08, -14.35111, 47.01675, -30
12, R12I08, -11.30808, 46.07754, -30
12, R12I08, -8.002049, 46.37811, -30
12, R12I08, -5.071724, 47.58027, -30
12, R12I08, -2.479523, 49.30843, -30
12, R12I08, 0.5635249, 51.37469, -30
12, R12I08, 3.719251, 53.59121, -30
12, R12I08, 6.273915, 55.65746, -30
12, R12I08, 8.790975, 58.36239, -30
12, R12I08, 10.74453, 60.72919, -30
12, R12I08, 12.96107, 62.87059, -30
12, R12I08, 15.32787, 64.93684, -30
12, R12I08, 17.95766, 67.52907, -30
12, R12I08, 20.3996, 70.00857, -30
12, R12I08, 22.72884, 72.60079, -30
12, R12I08, 25.17078, 75.04273, -30
12, R12I08, 27.9884, 77.59737, -30
12, R12I08, 30.39276, 79.92662, -30
12, R12I08, 32.87229, 82.10558, -30
12, R12I08, 35.27665, 83.94643, -30
12, R12I08, 38.20699, 86.12539, -30
12, R12I08, 40.9119, 88.34191, -30
12, R12I08, 43.429, 90.44575, -30
12, R12I08, 46.32174, 92.58715, -30
12, R12I08, 49.25209, 94.35284, -30
12, R12I08, 52.14483, 96.15614, -30
12, R12I08, 55.18786, 97.54615, -30
12, R12I08, 58.23088, 98.29752, -30
12, R12I08, 61.53691, 98.52294, -30
12, R12I08, 64.65511, 98.10967, -30
12, R12I08, 67.88597, 97.50859, -30
12, R12I08, 70.96656, 96.45668, -30
12, R12I08, 73.97202, 95.02909, -30
12, R12I08, 76.75209, 93.63905, -30
12, R12I08, 79.45699, 92.09874, -30
12, R12I08, 82.27461, 90.37061, -30
12, R12I08, 85.09224, 88.30435, -30
12, R12I08, 87.68446, 86.31323, -30
12, R12I08, 90.20157, 84.47237, -30
12, R12I08, 92.75619, 82.48126, -30
12, R12I08, 94.78489, 79.77634, -30
12, R12I08, 96.36274, 76.99629, -30
12, R12I08, 97.82791, 73.84055, -30
12, R12I08, 99.33064, 70.75993, -30
12, R12I08, 100.6831, 67.49149, -30
12, R12I08, 101.5847, 64.44846, -30
12, R12I08, 102.3361, 61.06731, -30
12, R12I08, 103.0499, 57.53588, -30
12, R12I08, 103.5383, 54.4553, -30
12, R12I08, 104.177, 50.84872, -30
12, R12I08, 104.5902, 47.76812, -30
12, R12I08, 105.0786, 44.72509, -30
12, R12I08, 105.7924, 41.53178, -30
12, R12I08, 106.4686, 38.15063, -30
12, R12I08, 107.22, 34.84462, -30
12, R12I08, 108.0089, 31.50103, -30
12, R12I08, 108.6476, 28.11988, -30
12, R12I08, 109.1736, 24.51333, -30
12, R12I08, 109.4365, 21.43273, -30
12, R12I08, 109.8122, 17.86374, -30
12, R12I08, 110.2255, 14.55773, -30
12, R12I08, 110.6763, 10.80089, -30
12, R12I08, 111.0895, 7.720287, -30
12, R12I08, 111.5779, 4.001013, -30
12, R12I08, 111.916, 0.6950049, -30
12, R12I08, 112.0288, -2.573444, -30
12, R12I08, 112.0663, -5.57891, -30
12, R12I08, 112.0288, -8.621936, -30
12, R12I08, 111.916, -12.26607, -30
12, R12I08, 111.916, -15.38423, -30
12, R12I08, 111.9912, -18.9908, -30
12, R12I08, 112.1414, -22.2968, -30
12, R12I08, 112.3293, -25.49011, -30
12, R12I08, 112.705, -28.53315, -30
12, R12I08, 112.968, -31.53862, -30
12, R12I08, 113.0431, -32.44025, -30
12, R12I08, 112.968, -35.25788, -30
12, R12I08, 109.4741, -34.54408, -40
12, R12I08, 109.3614, -37.62469, -40
12, R12I08, 109.2487, -40.89313, -40
12, R12I08, 109.136, -43.89859, -40
12, R12I08, 108.9106, -47.0919, -40
12, R12I08, 108.6852, -50.32278, -40
12, R12I08, 108.5349, -53.40339, -40
12, R12I08, 108.4598, -56.52155, -40
12, R12I08, 108.61, -59.67729, -40
12, R12I08, 108.7979, -63.24628, -40
12, R12I08, 108.9481, -66.43959, -40
12, R12I08, 109.0233, -69.59533, -40
12, R12I08, 109.3238, -72.93892, -40
12, R12I08, 110.0376, -76.01952, -40
12, R12I08, 111.2774, -78.87471, -40
12, R12I08, 112.6674, -81.69234, -40
12, R12I08, 114.4331, -84.6978, -40
12, R12I08, 116.2739, -87.7784, -40
12, R12I08, 117.5513, -90.67116, -40
12, R12I08, 119.054, -93.30094, -40
12, R12I08, 119.4673, -96.53182, -40
12, R12I08, 119.6927, -99.57486, -40
12, R12I08, 118.0772, -102.2422, -40
12, R12I08, 115.2972, -103.4068, -40
12, R12I08, 111.916, -104.4587, -40
12, R12I08, 108.5724, -104.346, -40
12, R12I08, 105.4919, -103.5571, -40
12, R12I08, 102.5615, -102.0919, -40
12, R12I08, 99.89417, -100.3638, -40
12, R12I08, 96.92626, -98.59808, -40
12, R12I08, 94.10863, -96.45668, -40
12, R12I08, 91.4413, -93.67663, -40
12, R12I08, 88.77396, -91.00928, -40
12, R12I08, 86.51985, -88.94302, -40
12, R12I08, 84.00279, -87.21488, -40
12, R12I08, 80.77188, -85.52431, -40
12, R12I08, 77.84158, -84.5851, -40
12, R12I08, 74.19743, -83.83373, -40
12, R12I08, 71.19196, -83.30777, -40
12, R12I08, 68.18649, -82.51884, -40
12, R12I08, 64.88051, -81.7299, -40
12, R12I08, 61.76232, -80.97854, -40
12, R12I08, 58.56901, -79.92662, -40
12, R12I08, 55.03758, -78.83714, -40
12, R12I08, 52.10728, -77.97307, -40
12, R12I08, 48.50072, -77.10899, -40
12, R12I08, 45.08197, -76.58304, -40
12, R12I08, 41.73843, -76.16978, -40
12, R12I08, 38.39484, -76.01952, -40
12, R12I08, 35.08881, -76.09466, -40
12, R12I08, 31.44469, -76.24493, -40
12, R12I08, 27.83812, -76.28249, -40
12, R12I08, 24.71996, -76.16978, -40
12, R12I08, 21.26366, -76.20735, -40
12, R12I08, 17.76981, -75.98194, -40
12, R12I08, 14.46381, -75.19302, -40
12, R12I08, 11.42076, -73.80299, -40
12, R12I08, 8.640716, -72.14998, -40
12, R12I08, 6.048491, -69.48263, -40
12, R12I08, 4.282775, -66.89041, -40
12, R12I08, 2.592201, -63.96008, -40
12, R12I08, 0.6386662, -61.3303, -40
12, R12I08, -1.390033, -58.92593, -40
12, R12I08, -3.193308, -56.37128, -40
12, R12I08, -4.996583, -53.8542, -40
12, R12I08, -6.649599, -51.26199, -40
12, R12I08, -8.302614, -48.25652, -40
12, R12I08, -9.880466, -44.8378, -40
12, R12I08, -11.23294, -41.68206, -40
12, R12I08, -12.39755, -38.75174, -40
12, R12I08, -13.56218, -35.74627, -40
12, R12I08, -14.57651, -32.66566, -40
12, R12I08, -15.81628, -29.73534, -40
12, R12I08, -17.39413, -26.805, -40
12, R12I08, -18.89686, -24.02495, -40
12, R12I08, -20.3996, -21.13218, -40
12, R12I08, -21.67693, -18.3897, -40
12, R12I08, -22.76642, -15.08369, -40
12, R12I08, -23.93103, -11.81524, -40
12, R12I08, -25.17078, -8.697077, -40
12, R12I08, -26.48567, -5.72917, -40
12, R12I08, -28.21383, -2.911546, -40
12, R12I08, -29.82926, -0.1690621, -40
12, R12I08, -31.5574, 2.423162, -40
12, R12I08, -33.62365, 4.827521, -40
12, R12I08, -35.9529, 6.931361, -40
12, R12I08, -38.4324, 9.035178, -40
12, R12I08, -40.91192, 11.28928, -40
12, R12I08, -43.16602, 13.43068, -40
12, R12I08, -45.57038, 15.83504, -40
12, R12I08, -46.92285, 18.57754, -40
12, R12I08, -47.29853, 21.73327, -40
12, R12I08, -47.11069, 25.00172, -40
12, R12I08, -46.35933, 28.30773, -40
12, R12I08, -44.85659, 31.08779, -40
12, R12I08, -42.71519, 33.26675, -40
12, R12I08, -40.08541, 35.29545, -40
12, R12I08, -37.79375, 37.36171, -40
12, R12I08, -35.50207, 39.65337, -40
12, R12I08, -34.37502, 42.47099, -40
12, R12I08, 44.25549, -102.1295, -10
12, R12I08, 41.1749, -102.0919, -10
12, R12I08, 38.09427, -102.2422, -10
12, R12I08, 35.01369, -102.6179, -10
12, R12I08, 31.7828, -103.1063, -10
12, R12I08, 28.73977, -103.1063, -10
12, R12I08, 26.26025, -100.9649, -10
12, R12I08, 24.00615, -98.48538, -10
12, R12I08, 21.45151, -95.93073, -10
12, R12I08, 19.19741, -93.22581, -10
12, R12I08, 17.13115, -90.67116, -10
12, R12I08, 15.29031, -87.81596, -10
12, R12I08, 13.4119, -84.88564, -10
12, R12I08, 11.79644, -82.29343, -10
12, R12I08, 10.33129, -79.51337, -10
12, R12I08, 9.3545, -76.65818, -10
12, R12I08, 9.129099, -73.4273, -10
12, R12I08, 8.903698, -70.30914, -10
12, R12I08, 8.340174, -67.00311, -10
12, R12I08, 7.288242, -63.84738, -10
12, R12I08, 5.74795, -60.99218, -10
12, R12I08, 3.49385, -58.47511, -10
12, R12I08, 0.9392082, -56.74697, -10
12, R12I08, -2.141399, -55.24423, -10
12, R12I08, -4.996583, -53.89177, -10
12, R12I08, -7.100423, -51.14929, -10
12, R12I08, -7.776649, -48.14382, -10
12, R12I08, -8.790998, -45.10078, -10
12, R12I08, -9.31694, -41.68206, -10
12, R12I08, -10.51913, -38.75174, -10
12, R12I08, -11.75888, -36.00924, -10
12, R12I08, -13.22406, -32.89108, -10
12, R12I08, -14.65165, -30.22372, -10
12, R12I08, -16.26708, -27.21826, -10
12, R12I08, -18.07038, -24.25036, -10
12, R12I08, -19.83607, -21.69571, -10
12, R12I08, -21.78963, -19.40405, -10
12, R12I08, -23.93103, -16.69913, -10
12, R12I08, -25.3962, -13.84394, -10
12, R12I08, -26.63595, -11.10144, -10
12, R12I08, -27.9884, -8.321394, -10
12, R12I08, -29.60384, -5.315928, -10
12, R12I08, -31.25685, -2.160179, -10
12, R12I08, -32.75959, 0.4696041, -10
12, R12I08, -34.60044, 3.700471, -10
12, R12I08, -36.21588, 6.705937, -10
12, R12I08, -37.68103, 9.561144, -10
12, R12I08, -38.9208, 12.71687, -10
12, R12I08, -40.19811, 15.98532, -10
12, R12I08, -41.4003, 19.25377, -10
12, R12I08, -42.26437, 22.74762, -10
12, R12I08, -42.86547, 25.82823, -10
12, R12I08, -43.24116, 29.09667, -10
12, R12I08, -43.429, 32.21484, -10
12, R12I08, -44.03009, 35.22031, -10
12, R12I08, -45.04443, 38.07549, -10
12, R12I08, -45.26984, 41.08096, -10
12, R12I08, -42.37707, 39.84121, -10
12, R12I08, -40.5738, 42.28315, -10
12, R12I08, -40.79922, 45.47646, -10
12, R12I08, -41.21246, 48.59462, -10
12, R12I08, -40.16055, 51.82551, -10
12, R12I08, -38.99592, 55.16908, -10
12, R12I08, -39.29649, 58.47509, -10
12, R12I08, -39.97271, 61.443, -10
12, R12I08, -39.70973, 64.749, -10
12, R12I08, -36.8921, 66.0639, -10
12, R12I08, -33.51095, 65.91364, -10
12, R12I08, -30.1298, 65.53795, -10
12, R12I08, -27.0492, 64.59875, -10
12, R12I08, -23.96859, 63.32141, -10
12, R12I08, -20.96312, 62.11922, -10
12, R12I08, -17.6947, 60.84191, -10
12, R12I08, -14.68923, 59.63972, -10
12, R12I08, -11.75888, 58.73807, -10
12, R12I08, -8.340174, 58.17455, -10
12, R12I08, -4.771182, 58.13699, -10
12, R12I08, -1.615433, 58.73807, -10
12, R12I08, 1.352451, 59.56458, -10
12, R12I08, 4.094934, 60.99217, -10
12, R12I08, 6.83744, 62.79544, -10
12, R12I08, 10.06831, 64.82414, -10
12, R12I08, 12.69809, 66.43958, -10
12, R12I08, 15.70356, 68.69368, -10
12, R12I08, 17.95766, 70.68479, -10
12, R12I08, 20.5123, 72.82619, -10
12, R12I08, 23.06694, 75.15543, -10
12, R12I08, 25.24592, 77.3344, -10
12, R12I08, 27.57514, 79.55093, -10
12, R12I08, 30.09222, 81.69234, -10
12, R12I08, 33.17283, 83.75859, -10
12, R12I08, 36.21585, 86.08781, -10
12, R12I08, 38.73294, 87.77838, -10
12, R12I08, 41.70082, 89.50654, -10
12, R12I08, 45.19469, 91.4601, -10
12, R12I08, 48.23772, 93.00039, -10
12, R12I08, 51.43103, 93.7142, -10
12, R12I08, 54.43649, 94.0523, -10
12, R12I08, 57.44196, 93.78931, -10
12, R12I08, 60.78555, 92.69985, -10
12, R12I08, 63.75346, 91.9109, -10
12, R12I08, 67.17216, 91.04684, -10
12, R12I08, 70.4782, 89.58168, -10
12, R12I08, 73.4085, 87.70326, -10
12, R12I08, 76.15101, 85.74971, -10
12, R12I08, 78.59295, 83.49561, -10
12, R12I08, 80.95972, 81.35421, -10
12, R12I08, 83.43927, 78.91227, -10
12, R12I08, 85.58064, 76.65816, -10
12, R12I08, 88.06015, 74.25378, -10
12, R12I08, 90.31425, 71.69914, -10
12, R12I08, 92.34295, 68.76882, -10
12, R12I08, 94.52193, 65.83849, -10
12, R12I08, 96.40034, 62.98329, -10
12, R12I08, 98.31631, 60.31594, -10
12, R12I08, 100.345, 57.0475, -10
12, R12I08, 102.2986, 53.89177, -10
12, R12I08, 103.9516, 50.96142, -10
12, R12I08, 105.6421, 47.84326, -10
12, R12I08, 106.9946, 44.98807, -10
12, R12I08, 107.9714, 42.02016, -10
12, R12I08, 109.3614, 38.60146, -10
12, R12I08, 110.6763, 35.55841, -10
12, R12I08, 112.0288, 32.40268, -10
12, R12I08, 113.4188, 28.98395, -10
12, R12I08, 114.6961, 25.86578, -10
12, R12I08, 116.011, 22.86032, -10
12, R12I08, 117.1756, 19.66701, -10
12, R12I08, 118.6032, 16.54884, -10
12, R12I08, 119.5424, 13.50582, -10
12, R12I08, 120.3314, 10.53791, -10
12, R12I08, 121.0452, 7.570004, -10
12, R12I08, 121.9468, 4.001013, -10
12, R12I08, 122.6606, 1.033129, -10
12, R12I08, 123.2993, -1.972337, -10
12, R12I08, 124.0882, -5.616469, -10
12, R12I08, 124.9523, -8.621936, -10
12, R12I08, 126.1169, -12.26607, -10
12, R12I08, 127.2064, -15.98533, -10
12, R12I08, 128.0704, -19.70459, -10
12, R12I08, 128.8218, -22.74763, -10
12, R12I08, 129.3102, -26.05364, -10
12, R12I08, 129.5732, -29.0591, -10
12, R12I08, 129.761, -32.21484, -10
12, R12I08, 130.2118, -35.10761, -10
12, R12I08, 134.6449, -36.23466, -15
12, R12I08, 135.1333, -39.95392, -15
12, R12I08, 135.1708, -42.95938, -15
12, R12I08, 135.1333, -46.30296, -15
12, R12I08, 135.0957, -49.30843, -15
12, R12I08, 135.0581, -53.10283, -15
12, R12I08, 134.983, -56.37128, -15
12, R12I08, 134.983, -59.60216, -15
12, R12I08, 135.0206, -62.79547, -15
12, R12I08, 135.0206, -65.83849, -15
12, R12I08, 134.3819, -68.99424, -15
12, R12I08, 133.1421, -73.38973, -15
12, R12I08, 131.5267, -78.23605, -15
12, R12I08, 130.7002, -81.42935, -15
12, R12I08, 129.9488, -84.62266, -15
12, R12I08, 129.1223, -87.81596, -15
12, R12I08, 128.371, -91.08441, -15
12, R12I08, 127.4318, -94.39043, -15
12, R12I08, 126.2296, -97.69644, -15
12, R12I08, 124.9147, -100.8522, -15
12, R12I08, 123.3744, -104.5714, -15
12, R12I08, 121.8341, -108.2156, -15
12, R12I08, 120.4065, -111.484, -15
12, R12I08, 118.6408, -114.1138, -15
12, R12I08, 116.1988, -116.6684, -15
12, R12I08, 113.6066, -118.622, -15
12, R12I08, 110.789, -119.9369, -15
12, R12I08, 107.7835, -120.6507, -15
12, R12I08, 104.7405, -121.7777, -15
12, R12I08, 101.5847, -122.9799, -15
12, R12I08, 98.2036, -124.107, -15
12, R12I08, 94.82245, -124.8583, -15
12, R12I08, 91.77942, -125.7975, -15
12, R12I08, 88.39827, -126.6992, -15
12, R12I08, 85.46793, -127.5633, -15
12, R12I08, 82.12438, -128.7654, -15
12, R12I08, 78.40511, -129.4792, -15
12, R12I08, 74.83611, -129.7047, -15
12, R12I08, 71.4174, -128.7279, -15
12, R12I08, 68.86274, -126.2108, -15
12, R12I08, 66.98432, -123.6937, -15
12, R12I08, 66.1954, -120.0496, -15
12, R12I08, 66.8716, -116.7812, -15
12, R12I08, 68.6749, -114.3016, -15
12, R12I08, 70.17764, -111.484, -15
12, R12I08, 67.58541, -109.9437, -15
12, R12I08, 64.88051, -107.915, -15
12, R12I08, 62.25072, -106.2996, -15
12, R12I08, 59.09497, -106.1117, -15
12, R12I08, 55.52599, -106.2996, -15
12, R12I08, 52.18239, -107.3139, -15
12, R12I08, 49.06425, -107.8399, -15
12, R12I08, 45.6455, -108.178, -15
12, R12I08, 42.11411, -108.441, -15
12, R12I08, 39.07106, -107.6521, -15
12, R12I08, 35.87775, -105.999, -15
12, R12I08, 32.94743, -104.3836, -15
12, R12I08, 29.79168, -102.9184, -15
12, R12I08, 27.12434, -101.5284, -15
12, R12I08, 24.19399, -99.68756, -15
12, R12I08, 21.03826, -97.73402, -15
12, R12I08, 18.22064, -95.78046, -15
12, R12I08, 15.74112, -93.45122, -15
12, R12I08, 13.56216, -91.23469, -15
12, R12I08, 11.4959, -88.98058, -15
12, R12I08, 9.842906, -86.42594, -15
12, R12I08, 8.452874, -83.64589, -15
12, R12I08, 7.062841, -80.67799, -15
12, R12I08, 5.973351, -77.63496, -15
12, R12I08, 5.221984, -74.47921, -15
12, R12I08, 5.071724, -70.91022, -15
12, R12I08, 5.522549, -67.71691, -15
12, R12I08, 5.74795, -64.59875, -15
12, R12I08, 4.470617, -61.51814, -15
12, R12I08, 2.178958, -59.18891, -15
12, R12I08, -0.1878416, -57.08508, -15
12, R12I08, -3.043048, -55.3945, -15
12, R12I08, -5.560108, -53.1404, -15
12, R12I08, -5.898232, -49.90953, -15
12, R12I08, -5.071724, -46.60352, -15
12, R12I08, -4.808742, -43.59805, -15
12, R12I08, -6.236356, -40.9307, -15
12, R12I08, -9.129099, -39.35283, -15
12, R12I08, -11.90916, -38.03793, -15
12, R12I08, -14.42625, -36.15952, -15
12, R12I08, -16.26708, -33.37946, -15
12, R12I08, -17.05603, -30.33642, -15
12, R12I08, -16.98089, -26.76743, -15
12, R12I08, -17.13117, -23.31115, -15
12, R12I08, -17.9201, -20.08028, -15
12, R12I08, -19.00959, -16.96211, -15
12, R12I08, -20.77528, -14.06934, -15
12, R12I08, -22.4283, -11.06388, -15
12, R12I08, -23.96859, -8.246252, -15
12, R12I08, -25.7343, -5.052945, -15
12, R12I08, -27.50002, -2.385602, -15
12, R12I08, -29.34088, 0.5823045, -15
12, R12I08, -30.99387, 3.62533, -15
12, R12I08, -31.51984, 6.630796, -15
12, R12I08, -30.99387, 10.01195, -15
12, R12I08, -29.86682, 12.94229, -15
12, R12I08, -28.43923, 15.68478, -15
12, R12I08, -27.763, 18.87808, -15
12, R12I08, -28.51437, 22.22165, -15
12, R12I08, -29.97952, 24.88902, -15
12, R12I08, -31.6701, 27.55636, -15
12, R12I08, -33.47339, 30.14858, -15
12, R12I08, -35.50207, 32.81593, -15
12, R12I08, -37.75617, 34.95732, -15
12, R12I08, -40.31081, 37.13628, -15
12, R12I08, -42.71519, 39.50308, -15
12, R12I08, -44.06764, 42.39585, -15
12, R12I08, -43.01574, 45.70186, -15
12, R12I08, -41.81355, 48.51948, -15
12, R12I08, -40.19811, 51.78793, -15
12, R12I08, -38.65782, 54.75584, -15
12, R12I08, -37.07994, 57.38562, -15
12, R12I08, -35.16397, 60.05296, -15
12, R12I08, -32.34634, 61.3303, -15
12, R12I08, -29.3033, 61.59328, -15
12, R12I08, -26.07243, 60.95461, -15
12, R12I08, -22.84154, 60.09055, -15
12, R12I08, -19.91121, 58.36239, -15
12, R12I08, -17.01845, 57.1602, -15
12, R12I08, -13.71244, 56.22099, -15
12, R12I08, -10.55671, 55.54476, -15
12, R12I08, -7.551248, 55.35692, -15
12, R12I08, -4.245216, 56.37127, -15
12, R12I08, -1.540315, 58.51267, -15
12, R12I08, 0.9016261, 61.21759, -15
12, R12I08, 2.967884, 63.88494, -15
12, R12I08, 4.433058, 66.85284, -15
12, R12I08, 5.635249, 70.23399, -15
12, R12I08, 7.1004, 73.23946, -15
12, R12I08, 8.678274, 76.1322, -15
12, R12I08, 10.66939, 79.02497, -15
12, R12I08, 13.22406, 81.01608, -15
12, R12I08, 16.30464, 82.21828, -15
12, R12I08, 19.94877, 82.63154, -15
12, R12I08, 23.02938, 82.63154, -15
12, R12I08, 26.22269, 82.06802, -15
12, R12I08, 29.86682, 81.6172, -15
12, R12I08, 33.06013, 81.09122, -15
12, R12I08, 36.47884, 80.60284, -15
12, R12I08, 39.85999, 79.96418, -15
12, R12I08, 42.97815, 79.85148, -15
12, R12I08, 45.83334, 80.79069, -15
12, R12I08, 48.53828, 82.74424, -15
12, R12I08, 50.60454, 85.67457, -15
12, R12I08, 51.88187, 88.41705, -15
12, R12I08, 53.1216, 91.15953, -15
12, R12I08, 54.32381, 94.35284, -15
12, R12I08, 55.30058, 97.39589, -15
12, R12I08, 56.65303, 100.777, -15
12, R12I08, 58.41873, 104.0079, -15
12, R12I08, 60.14691, 106.9382, -15
12, R12I08, 61.98772, 109.4178, -15
12, R12I08, 64.91807, 111.484, -15
12, R12I08, 67.77325, 112.7238, -15
12, R12I08, 70.62843, 114.0762, -15
12, R12I08, 73.44606, 115.1657, -15
12, R12I08, 76.48913, 115.5038, -15
12, R12I08, 79.60727, 114.9027, -15
12, R12I08, 82.53762, 113.7381, -15
12, R12I08, 85.6182, 112.1978, -15
12, R12I08, 88.39827, 110.5072, -15
12, R12I08, 90.57726, 108.3283, -15
12, R12I08, 92.79375, 106.0742, -15
12, R12I08, 94.67216, 103.7074, -15
12, R12I08, 96.6633, 101.3781, -15
12, R12I08, 98.84229, 98.89862, -15
12, R12I08, 100.608, 96.45668, -15
12, R12I08, 102.3361, 93.18823, -15
12, R12I08, 104.1394, 90.29546, -15
12, R12I08, 105.9051, 87.10216, -15
12, R12I08, 107.6708, 83.87129, -15
12, R12I08, 109.399, 81.16637, -15
12, R12I08, 111.0895, 78.01062, -15
12, R12I08, 112.6298, 75.00515, -15
12, R12I08, 114.1326, 72.26267, -15
12, R12I08, 115.7104, 68.76882, -15
12, R12I08, 117.0253, 65.61307, -15
12, R12I08, 118.1524, 62.75789, -15
12, R12I08, 119.2419, 59.78998, -15
12, R12I08, 120.3689, 56.52155, -15
12, R12I08, 121.1578, 53.40337, -15
12, R12I08, 121.8716, 49.87196, -15
12, R12I08, 122.5479, 46.37811, -15
12, R12I08, 123.2993, 42.84667, -15
12, R12I08, 123.8252, 39.80365, -15
12, R12I08, 124.5766, 36.5352, -15
12, R12I08, 125.3655, 33.15405, -15
12, R12I08, 126.0042, 30.111, -15
12, R12I08, 126.5677, 26.99283, -15
12, R12I08, 127.319, 24.06251, -15
12, R12I08, 128.0329, 21.05704, -15
12, R12I08, 128.7467, 17.37535, -15
12, R12I08, 129.4605, 13.91906, -15
12, R12I08, 130.2494, 10.12467, -15
12, R12I08, 130.8505, 7.081621, -15
12, R12I08, 131.4891, 4.113737, -15
12, R12I08, 131.9775, 0.9955469, -15
12, R12I08, 132.6913, -2.535862, -15
12, R12I08, 133.2924, -5.616469, -15
12, R12I08, 133.7808, -8.584376, -15
12, R12I08, 134.2316, -11.77768, -15
12, R12I08, 134.7952, -15.08369, -15
12, R12I08, 135.246, -18.23943, -15
12, R12I08, 135.4714, -21.43274, -15
12, R12I08, 135.4714, -24.58847, -15
12, R12I08, 135.5841, -28.34531, -15
12, R12I08, 135.5465, -31.38834, -15
12, R12I08, 135.5465, -33.64244, -15
12, R12I08, 134.6449, -36.23466, -15
12, R12I08, 156.6599, -34.31867, -20
12, R12I08, 158.05, -36.98602, -20
12, R12I08, 159.8157, -40.10419, -20
12, R12I08, 161.5438, -42.95938, -20
12, R12I08, 163.5349, -45.5516, -20
12, R12I08, 165.4133, -48.33166, -20
12, R12I08, 167.2542, -51.52497, -20
12, R12I08, 168.832, -54.4553, -20
12, R12I08, 170.5978, -57.5359, -20
12, R12I08, 172.5513, -60.35353, -20
12, R12I08, 174.4673, -62.68276, -20
12, R12I08, 176.0452, -65.31254, -20
12, R12I08, 176.496, -68.46828, -20
12, R12I08, 175.6319, -71.43619, -20
12, R12I08, 174.2795, -74.93003, -20
12, R12I08, 172.7392, -77.9355, -20
12, R12I08, 171.011, -80.56528, -20
12, R12I08, 169.358, -83.23264, -20
12, R12I08, 167.4045, -85.52431, -20
12, R12I08, 165.1128, -87.6657, -20
12, R12I08, 162.5206, -89.206, -20
12, R12I08, 159.8532, -90.59603, -20
12, R12I08, 156.9605, -91.68551, -20
12, R12I08, 153.5042, -92.92526, -20
12, R12I08, 150.386, -94.39043, -20
12, R12I08, 146.8546, -96.04344, -20
12, R12I08, 143.5862, -97.54617, -20
12, R12I08, 140.5431, -99.0489, -20
12, R12I08, 137.2371, -100.8897, -20
12, R12I08, 134.0062, -102.8433, -20
12, R12I08, 131.0759, -103.8952, -20
12, R12I08, 127.8826, -104.9096, -20
12, R12I08, 124.7644, -105.2101, -20
12, R12I08, 121.7214, -104.9847, -20
12, R12I08, 117.8143, -104.5339, -20
12, R12I08, 114.3204, -103.8952, -20
12, R12I08, 110.9017, -102.956, -20
12, R12I08, 107.9338, -102.1671, -20
12, R12I08, 104.9659, -101.566, -20
12, R12I08, 101.9604, -100.5892, -20
12, R12I08, 98.61684, -99.49972, -20
12, R12I08, 95.31085, -97.95941, -20
12, R12I08, 92.53078, -96.23128, -20
12, R12I08, 89.86344, -93.90204, -20
12, R12I08, 87.30878, -91.68551, -20
12, R12I08, 84.82928, -89.91979, -20
12, R12I08, 81.7487, -87.81596, -20
12, R12I08, 78.96863, -86.53864, -20
12, R12I08, 75.6626, -85.67458, -20
12, R12I08, 72.69469, -84.99834, -20
12, R12I08, 69.57655, -84.43481, -20
12, R12I08, 66.08267, -83.75859, -20
12, R12I08, 62.47612, -83.15749, -20
12, R12I08, 58.83202, -82.59397, -20
12, R12I08, 55.30058, -81.91775, -20
12, R12I08, 51.84427, -81.09124, -20
12, R12I08, 48.31288, -80.11446, -20
12, R12I08, 45.23225, -79.28796, -20
12, R12I08, 42.26435, -78.16091, -20
12, R12I08, 39.44674, -76.50791, -20
12, R12I08, 36.66668, -75.19302, -20
12, R12I08, 33.39823, -74.17867, -20
12, R12I08, 30.20492, -73.99083, -20
12, R12I08, 26.52323, -74.1411, -20
12, R12I08, 22.8791, -74.0284, -20
12, R12I08, 19.83607, -73.57758, -20
12, R12I08, 16.86817, -72.56323, -20
12, R12I08, 13.90028, -70.94779, -20
12, R12I08, 10.93237, -69.21964, -20
12, R12I08, 8.415292, -67.52907, -20
12, R12I08, 5.935791, -65.16227, -20
12, R12I08, 4.019815, -62.57006, -20
12, R12I08, 2.404359, -59.94027, -20
12, R12I08, 1.540292, -57.00994, -20
12, R12I08, 1.314891, -53.62879, -20
12, R12I08, 1.089468, -50.58576, -20
12, R12I08, 0.1502596, -47.12947, -20
12, R12I08, -1.314891, -44.34942, -20
12, R12I08, -3.043048, -41.53179, -20
12, R12I08, -4.658482, -38.5639, -20
12, R12I08, -5.409848, -35.29545, -20
12, R12I08, -5.109306, -31.95187, -20
12, R12I08, -4.583341, -28.83369, -20
12, R12I08, -4.282799, -25.60283, -20
12, R12I08, -5.710391, -22.82276, -20
12, R12I08, -8.415315, -20.30569, -20
12, R12I08, -10.55671, -17.75104, -20
12, R12I08, -11.98431, -14.44503, -20
12, R12I08, -12.02186, -11.06388, -20
12, R12I08, -12.02186, -7.457327, -20
12, R12I08, -12.05945, -4.264019, -20
12, R12I08, -12.39755, -0.732587, -20
12, R12I08, -13.48704, 3.099387, -20
12, R12I08, -14.42625, 6.067271, -20
12, R12I08, -15.666, 9.448421, -20
12, R12I08, -17.16873, 12.49147, -20
12, R12I08, -19.15985, 15.64719, -20
12, R12I08, -20.92556, 18.27698, -20
12, R12I08, -22.80398, 21.05704, -20
12, R12I08, -24.49455, 23.83711, -20
12, R12I08, -26.29783, 26.42931, -20
12, R12I08, -28.32653, 29.54748, -20
12, R12I08, -29.79168, 32.66566, -20
12, R12I08, -30.80603, 35.55841, -20
12, R12I08, -31.332, 38.82686, -20
12, R12I08, -31.21929, 42.28315, -20
12, R12I08, -30.91873, 45.32617, -20
12, R12I08, -31.03145, 48.48192, -20
12, R12I08, -31.03145, 51.52495, -20
12, R12I08, -28.06355, 53.25311, -20
12, R12I08, -24.60725, 51.86307, -20
12, R12I08, -22.01505, 49.83437, -20
12, R12I08, -19.64823, 47.31731, -20
12, R12I08, -16.98089, 44.87537, -20
12, R12I08, -14.31355, 43.4102, -20
12, R12I08, -10.96996, 42.80911, -20
12, R12I08, -8.002049, 43.67318, -20
12, R12I08, -6.912581, 46.52837, -20
12, R12I08, -7.400965, 49.9471, -20
12, R12I08, -6.010932, 52.91498, -20
12, R12I08, -3.568991, 55.20666, -20
12, R12I08, -0.5259658, 56.14587, -20
12, R12I08, 2.441941, 55.50721, -20
12, R12I08, 4.996583, 53.59121, -20
12, R12I08, 7.363383, 51.71279, -20
12, R12I08, 10.10587, 50.0598, -20
12, R12I08, 12.92349, 51.52495, -20
12, R12I08, 11.75888, 54.41771, -20
12, R12I08, 9.542341, 57.12264, -20
12, R12I08, 7.776649, 60.0154, -20
12, R12I08, 6.424175, 62.87059, -20
12, R12I08, 6.912559, 65.87605, -20
12, R12I08, 9.730184, 67.79205, -20
12, R12I08, 12.96107, 67.82961, -20
12, R12I08, 16.04168, 67.15339, -20
12, R12I08, 19.34769, 66.32688, -20
12, R12I08, 22.57856, 66.13904, -20
12, R12I08, 26.41053, 66.58986, -20
12, R12I08, 29.90438, 67.30364, -20
12, R12I08, 33.54851, 68.13015, -20
12, R12I08, 36.291, 69.40749, -20
12, R12I08, 38.92078, 71.13562, -20
12, R12I08, 40.38595, 74.06594, -20
12, R12I08, 40.68649, 77.48467, -20
12, R12I08, 40.49865, 80.90338, -20
12, R12I08, 40.38595, 84.13428, -20
12, R12I08, 41.09974, 87.32758, -20
12, R12I08, 42.64003, 90.55845, -20
12, R12I08, 44.55605, 93.33852, -20
12, R12I08, 46.84771, 96.15614, -20
12, R12I08, 49.32721, 98.93618, -20
12, R12I08, 51.58131, 101.04, -20
12, R12I08, 54.58678, 103.0311, -20
12, R12I08, 57.25412, 104.4963, -20
12, R12I08, 60.67282, 104.7969, -20
12, R12I08, 63.75346, 103.7074, -20
12, R12I08, 66.49592, 102.2046, -20
12, R12I08, 69.16331, 100.777, -20
12, R12I08, 72.05605, 98.52294, -20
12, R12I08, 74.42287, 96.3064, -20
12, R12I08, 76.75209, 94.08988, -20
12, R12I08, -34.07448, 45.47646, -40
12, R12I08, -33.39825, 48.66977, -40
12, R12I08, -30.54305, 47.24217, -40
12, R12I08, -29.416, 44.27427, -40
12, R12I08, -28.43923, 41.3815, -40
12, R12I08, -27.19948, 38.41362, -40
12, R12I08, -25.77189, 35.44571, -40
12, R12I08, -24.08131, 32.70322, -40
12, R12I08, -22.4283, 30.07344, -40
12, R12I08, -20.51232, 27.7442, -40
12, R12I08, -18.07038, 25.67794, -40
12, R12I08, -15.17761, 24.81388, -40
12, R12I08, -12.09701, 25.82823, -40
12, R12I08, -9.579924, 28.08232, -40
12, R12I08, -6.273915, 29.28452, -40
12, R12I08, -3.118167, 29.73532, -40
12, R12I08, 0.300542, 29.8856, -40
12, R12I08, 3.38115, 30.22372, -40
12, R12I08, 4.395499, 33.07891, -40
12, R12I08, 4.696041, 36.34736, -40
12, R12I08, 6.349034, 39.42796, -40
12, R12I08, 8.828557, 41.79477, -40
12, R12I08, 11.4959, 43.78588, -40
12, R12I08, 13.8627, 46.26538, -40
12, R12I08, 15.25273, 48.93275, -40
12, R12I08, 16.86817, 51.90063, -40
12, R12I08, 18.3709, 54.71825, -40
12, R12I08, 20.02391, 57.61102, -40
12, R12I08, 22.16531, 60.16566, -40
12, R12I08, 24.87024, 61.81868, -40
12, R12I08, 28.06355, 62.00652, -40
12, R12I08, 31.06901, 62.2695, -40
12, R12I08, 34.18718, 63.54681, -40
12, R12I08, 37.15506, 65.83849, -40
12, R12I08, 39.67215, 68.54342, -40
12, R12I08, 41.81355, 70.87263, -40
12, R12I08, 44.44333, 72.82619, -40
12, R12I08, 47.44879, 73.91569, -40
12, R12I08, 51.0929, 74.36651, -40
12, R12I08, 54.43649, 74.47921, -40
12, R12I08, 58.11821, 74.21622, -40
12, R12I08, 61.53691, 73.50242, -40
12, R12I08, 64.6175, 72.37537, -40
12, R12I08, 67.47273, 70.87263, -40
12, R12I08, 70.21519, 69.29478, -40
12, R12I08, 72.9577, 67.67933, -40
12, R12I08, 75.81288, 65.91364, -40
12, R12I08, 78.36755, 63.84738, -40
12, R12I08, 80.80949, 61.89382, -40
12, R12I08, 82.87575, 59.67728, -40
12, R12I08, 84.86684, 57.19778, -40
12, R12I08, 86.97066, 54.75584, -40
12, R12I08, 89.26236, 52.3139, -40
12, R12I08, 91.02805, 49.79681, -40
12, R12I08, 92.6059, 46.67865, -40
12, R12I08, 94.07108, 43.67318, -40
12, R12I08, 95.83681, 40.81797, -40
12, R12I08, 97.56495, 37.77495, -40
12, R12I08, 99.21796, 34.84462, -40
12, R12I08, 100.9461, 31.68888, -40
12, R12I08, 102.3737, 28.98395, -40
12, R12I08, 103.8388, 26.05363, -40
12, R12I08, 105.0786, 22.67248, -40
12, R12I08, 105.9803, 19.77971, -40
12, R12I08, 106.957, 16.84939, -40
12, R12I08, 108.1592, 13.50582, -40
12, R12I08, 108.9106, 10.19979, -40
12, R12I08, 109.6995, 7.156762, -40
12, R12I08, 110.0752, 4.076154, -40
12, R12I08, 110.3382, 1.070688, -40
12, R12I08, 110.3382, -2.197761, -40
12, R12I08, 110.3757, -5.353487, -40
12, R12I08, 110.4133, -8.584376, -40
12, R12I08, 110.3006, -12.15337, -40
12, R12I08, 110.4133, -15.91019, -40
12, R12I08, 110.4133, -18.95323, -40
12, R12I08, 110.3757, -21.95869, -40
12, R12I08, 110.1503, -25.33984, -40
12, R12I08, 109.8498, -29.0591, -40
12, R12I08, 109.6619, -31.87673, -40
12, R12I08, 109.4741, -34.54408, -40
12, R12I08, 107.5581, -34.84462, -50
12, R12I08, 107.9338, -38.18821, -50
12, R12I08, 108.2719, -41.30638, -50
12, R12I08, 108.3095, -44.64996, -50
12, R12I08, 108.3095, -47.84327, -50
12, R12I08, 108.5724, -51.41226, -50
12, R12I08, 108.9106, -55.01882, -50
12, R12I08, 108.9106, -58.02429, -50
12, R12I08, 108.873, -61.74355, -50
12, R12I08, 108.7227, -65.35011, -50
12, R12I08, 108.6852, -68.88153, -50
12, R12I08, 108.3846, -72.14998, -50
12, R12I08, 108.2719, -75.41842, -50
12, R12I08, 108.2344, -79.02498, -50
12, R12I08, 108.0089, -82.29343, -50
12, R12I08, 107.8587, -85.63701, -50
12, R12I08, 107.8962, -88.86789, -50
12, R12I08, 108.0841, -92.28661, -50
12, R12I08, 108.0841, -95.74289, -50
12, R12I08, 107.5957, -99.01134, -50
12, R12I08, 105.9427, -102.1295, -50
12, R12I08, 103.7262, -104.7969, -50
12, R12I08, 101.1715, -106.4499, -50
12, R12I08, 97.52739, -106.9383, -50
12, R12I08, 94.25892, -107.051, -50
12, R12I08, 90.68993, -106.3372, -50
12, R12I08, 87.87231, -104.7217, -50
12, R12I08, 85.1674, -103.0687, -50
12, R12I08, 82.6879, -100.5892, -50
12, R12I08, 79.79511, -98.44781, -50
12, R12I08, 77.05265, -96.90751, -50
12, R12I08, 74.04719, -96.081, -50
12, R12I08, 70.51575, -95.70531, -50
12, R12I08, 66.98432, -95.59261, -50
12, R12I08, 63.64073, -95.2545, -50
12, R12I08, 60.1093, -94.87882, -50
12, R12I08, 56.76576, -94.57826, -50
12, R12I08, 53.57245, -93.90204, -50
12, R12I08, 50.75483, -92.58715, -50
12, R12I08, 49.36477, -89.43141, -50
12, R12I08, 47.41124, -87.02704, -50
12, R12I08, 44.1052, -87.96625, -50
12, R12I08, 41.32514, -89.43141, -50
12, R12I08, 38.65779, -90.93414, -50
12, R12I08, 35.76505, -91.79821, -50
12, R12I08, 32.27118, -91.12199, -50
12, R12I08, 29.3033, -89.76952, -50
12, R12I08, 26.03485, -88.19165, -50
12, R12I08, 22.46585, -86.8392, -50
12, R12I08, 19.42283, -85.86242, -50
12, R12I08, 16.37978, -84.92321, -50
12, R12I08, 13.07377, -83.60832, -50
12, R12I08, 10.10587, -82.51884, -50
12, R12I08, 7.137982, -81.35422, -50
12, R12I08, 4.019815, -80.26474, -50
12, R12I08, 1.202191, -78.98741, -50
12, R12I08, -0.3381241, -75.7941, -50
12, R12I08, -2.10384, -72.90134, -50
12, R12I08, -3.719274, -70.15885, -50
12, R12I08, -5.334707, -67.34122, -50
12, R12I08, -6.086074, -64.37333, -50
12, R12I08, -6.649599, -61.40544, -50
12, R12I08, -7.288265, -58.13699, -50
12, R12I08, -8.07719, -55.01882, -50
12, R12I08, -9.053981, -51.67524, -50
12, R12I08, -10.14345, -48.48193, -50
12, R12I08, -11.12024, -45.58917, -50
12, R12I08, -12.09701, -42.62127, -50
12, R12I08, -13.11136, -39.76608, -50
12, R12I08, -13.90028, -36.68548, -50
12, R12I08, -14.65165, -33.30433, -50
12, R12I08, -14.91463, -29.96074, -50
12, R12I08, -14.80193, -26.6923, -50
12, R12I08, -14.91463, -23.27358, -50
12, R12I08, -14.98977, -20.00513, -50
12, R12I08, -15.17761, -16.7367, -50
12, R12I08, -16.07924, -13.54338, -50
12, R12I08, -17.50686, -10.31251, -50
12, R12I08, -19.08471, -7.720287, -50
12, R12I08, -21.07585, -4.865103, -50
12, R12I08, -23.1421, -2.272879, -50
12, R12I08, -25.13322, 5.633873E-02, -50
12, R12I08, -27.763, 2.535862, -50
12, R12I08, -30.28009, 4.940221, -50
12, R12I08, -33.02257, 7.307045, -50
12, R12I08, -35.38937, 9.33572, -50
12, R12I08, -37.79375, 11.66496, -50
12, R12I08, -39.97271, 14.06934, -50
12, R12I08, -41.2876, 16.96209, -50
12, R12I08, -41.21246, 20.30568, -50
12, R12I08, -40.79922, 23.42384, -50
12, R12I08, -39.74729, 26.24147, -50
12, R12I08, -37.68103, 29.13423, -50
12, R12I08, -35.35181, 31.53862, -50
12, R12I08, -33.02257, 33.45459, -50
12, R12I08, -30.2425, 34.99488, -50
12, R12I08, -27.23704, 36.08437, -50
12, R12I08, -24.457, 37.28656, -50
12, R12I08, -22.76642, 39.87877, -50
12, R12I08, -21.97747, 42.99696, -50
12, R12I08, -21.75207, 46.26538, -50
12, R12I08, -20.32448, 48.93275, -50
12, R12I08, -17.58197, 50.8863, -50
12, R12I08, -15.29031, 53.32825, -50
12, R12I08, -13.6373, 55.99559, -50
12, R12I08, -12.02186, 58.73807, -50
12, R12I08, -9.993189, 61.10487, -50
12, R12I08, -7.288265, 62.53249, -50
12, R12I08, -3.644132, 63.02087, -50
12, R12I08, -0.4132654, 62.83303, -50
12, R12I08, 2.629783, 62.57005, -50
12, R12I08, 5.672808, 62.4949, -50
12, R12I08, 8.978817, 62.4949, -50
12, R12I08, 12.13457, 63.13357, -50
12, R12I08, 15.21517, 63.84738, -50
12, R12I08, 18.10794, 64.78658, -50
12, R12I08, 21.41395, 63.84738, -50
12, R12I08, 23.21722, 60.87947, -50
12, R12I08, 24.34427, 57.94915, -50
12, R12I08, 24.9078, 54.71825, -50
12, R12I08, 25.05808, 51.63767, -50
12, R12I08, 25.24592, 48.0311, -50
12, R12I08, 25.50888, 44.95049, -50
12, R12I08, 26.33539, 41.94502, -50
12, R12I08, 27.53758, 38.6766, -50
12, R12I08, 29.45356, 36.12193, -50
12, R12I08, 32.04578, 34.43136, -50
12, R12I08, 35.16394, 33.49215, -50
12, R12I08, 38.28211, 33.45459, -50
12, R12I08, 41.1749, 34.46894, -50
12, R12I08, 44.29305, 35.93409, -50
12, R12I08, 47.22339, 37.51197, -50
12, R12I08, 49.9283, 39.0147, -50
12, R12I08, 52.74592, 40.78041, -50
12, R12I08, 55.07518, 43.03452, -50
12, R12I08, 58.23088, 44.64995, -50
12, R12I08, 61.64964, 45.13833, -50
12, R12I08, 64.3921, 43.59804, -50
12, R12I08, 67.05944, 45.13833, -50
12, R12I08, 69.08814, 47.50515, -50
12, R12I08, 72.31901, 47.46757, -50
12, R12I08, 75.2118, 46.00242, -50
12, R12I08, 78.02942, 44.83779, -50
12, R12I08, 81.14757, 44.61239, -50
12, R12I08, 82.34978, 47.43002, -50
12, R12I08, 84.00279, 50.0598, -50
12, R12I08, 86.51985, 52.16361, -50
12, R12I08, 89.71317, 52.83984, -50
12, R12I08, 92.68107, 51.71279, -50
12, R12I08, 95.46114, 49.72167, -50
12, R12I08, 98.27876, 48.40678, -50
12, R12I08, 101.2842, 46.71621, -50
12, R12I08, 104.0267, 44.95049, -50
12, R12I08, 104.7781, 41.79477, -50
12, R12I08, 104.9659, 38.6766, -50
12, R12I08, 105.7924, 35.55841, -50
12, R12I08, 106.5062, 32.06456, -50
12, R12I08, 106.9946, 28.53315, -50
12, R12I08, 106.9195, 25.52768, -50
12, R12I08, 106.4686, 22.25923, -50
12, R12I08, 106.2057, 18.87808, -50
12, R12I08, 105.9427, 15.79748, -50
12, R12I08, 105.6797, 12.79201, -50
12, R12I08, 105.7924, 9.22302, -50
12, R12I08, 106.0178, 6.029712, -50
12, R12I08, 106.3935, 2.423162, -50
12, R12I08, 106.6189, -0.6950278, -50
12, R12I08, 106.7692, -3.775612, -50
12, R12I08, 106.7692, -6.818661, -50
12, R12I08, 106.7692, -10.35007, -50
12, R12I08, 106.9195, -13.73122, -50
12, R12I08, 106.9946, -16.7367, -50
12, R12I08, 107.2576, -20.26812, -50
12, R12I08, 107.7084, -23.98738, -50
12, R12I08, 108.1592, -27.44367, -50
12, R12I08, 108.6852, -31.01266, -50
12, R12I08, 108.7979, -33.15405, -50
12, R12I08, 107.5581, -34.84462, -50
12, R12I08, 104.6278, -34.91977, -60
12, R12I08, 105.2665, -38.0755, -60
12, R12I08, 105.1913, -41.23124, -60
12, R12I08, 104.7405, -44.64996, -60
12, R12I08, 103.8764, -48.44436, -60
12, R12I08, 102.787, -51.67524, -60
12, R12I08, 101.9229, -55.13152, -60
12, R12I08, 101.3218, -58.3624, -60
12, R12I08, 101.3969, -61.74355, -60
12, R12I08, 101.735, -64.74902, -60
12, R12I08, 101.9604, -68.61856, -60
12, R12I08, 102.4864, -71.81187, -60
12, R12I08, 103.5383, -74.66705, -60
12, R12I08, 104.2145, -77.86036, -60
12, R12I08, 103.5759, -81.35422, -60
12, R12I08, 102.1483, -84.39725, -60
12, R12I08, 100.6455, -87.7784, -60
12, R12I08, 99.74389, -90.7463, -60
12, R12I08, 99.44337, -93.86447, -60
12, R12I08, 99.85661, -96.94508, -60
12, R12I08, 99.89417, -100.0257, -60
12, R12I08, 99.29308, -103.219, -60
12, R12I08, 97.07655, -105.9615, -60
12, R12I08, 94.14624, -106.7128, -60
12, R12I08, 91.02805, -105.7736, -60
12, R12I08, 89.03691, -103.4068, -60
12, R12I08, 88.24799, -100.2887, -60
12, R12I08, 85.65576, -98.48538, -60
12, R12I08, 82.61274, -98.48538, -60
12, R12I08, 79.56972, -98.63565, -60
12, R12I08, 76.30128, -98.56051, -60
12, R12I08, 73.07037, -97.43346, -60
12, R12I08, 69.80195, -97.80914, -60
12, R12I08, 66.49592, -98.74835, -60
12, R12I08, 63.45289, -99.38702, -60
12, R12I08, 60.1093, -98.63565, -60
12, R12I08, 57.74252, -96.75723, -60
12, R12I08, 54.6995, -94.95395, -60
12, R12I08, 51.54375, -93.93961, -60
12, R12I08, 48.08744, -93.97718, -60
12, R12I08, 44.78145, -94.05231, -60
12, R12I08, 41.47542, -94.16502, -60
12, R12I08, 38.31969, -94.16502, -60
12, R12I08, 35.12638, -93.93961, -60
12, R12I08, 31.74524, -92.85013, -60
12, R12I08, 28.77733, -91.04684, -60
12, R12I08, 25.77186, -89.0933, -60
12, R12I08, 23.14208, -87.02704, -60
12, R12I08, 20.5123, -85.18618, -60
12, R12I08, 18.10794, -83.23264, -60
12, R12I08, 15.51571, -80.67799, -60
12, R12I08, 13.33676, -78.34875, -60
12, R12I08, 11.53348, -75.49356, -60
12, R12I08, 10.55669, -71.99971, -60
12, R12I08, 10.89482, -68.50585, -60
12, R12I08, 11.23292, -65.19984, -60
12, R12I08, 9.767765, -62.53249, -60
12, R12I08, 6.9877, -60.24081, -60
12, R12I08, 4.808742, -58.06186, -60
12, R12I08, 3.080607, -55.13152, -60
12, R12I08, 2.441941, -51.4874, -60
12, R12I08, 3.080607, -48.25652, -60
12, R12I08, 4.320358, -44.53726, -60
12, R12I08, 5.522549, -41.34395, -60
12, R12I08, 5.635249, -37.73739, -60
12, R12I08, 4.846301, -34.73192, -60
12, R12I08, 2.892766, -31.87673, -60
12, R12I08, 0.4883837, -28.83369, -60
12, R12I08, -1.728157, -26.42932, -60
12, R12I08, -4.132516, -24.25036, -60
12, R12I08, -6.72474, -22.25923, -60
12, R12I08, -9.429664, -20.49353, -60
12, R12I08, -11.83402, -18.65268, -60
12, R12I08, -14.38867, -16.88697, -60
12, R12I08, -17.09359, -15.12125, -60
12, R12I08, -20.09906, -13.35554, -60
12, R12I08, -22.95426, -11.89038, -60
12, R12I08, -25.84701, -10.42521, -60
12, R12I08, -28.70221, -8.434094, -60
12, R12I08, -31.36955, -6.781079, -60
12, R12I08, -34.07448, -5.240786, -60
12, R12I08, -36.96724, -3.662912, -60
12, R12I08, -39.78487, -2.047478, -60
12, R12I08, -42.97818, -0.2817625, -60
12, R12I08, -45.83336, 1.183389, -60
12, R12I08, -49.32721, 2.611003, -60
12, R12I08, -52.40782, 3.925895, -60
12, R12I08, -55.30058, 5.128063, -60
12, R12I08, -58.68173, 6.781079, -60
12, R12I08, -61.5745, 8.434094, -60
12, R12I08, -64.35454, 9.824104, -60
12, R12I08, -67.32245, 11.25172, -60
12, R12I08, -70.44061, 12.94229, -60
12, R12I08, -73.0704, 15.04611, -60
12, R12I08, -74.15989, 18.20186, -60
12, R12I08, -71.45496, 20.49352, -60
12, R12I08, -68.11137, 21.0946, -60
12, R12I08, -65.36889, 22.40949, -60
12, R12I08, -64.88051, 25.41496, -60
12, R12I08, -63.30263, 28.49557, -60
12, R12I08, -60.40987, 30.07344, -60
12, R12I08, -58.45633, 32.70322, -60
12, R12I08, -57.14144, 35.52085, -60
12, R12I08, -56.01439, 38.41362, -60
12, R12I08, -54.36137, 41.08096, -60
12, R12I08, -51.91943, 43.14722, -60
12, R12I08, -49.10181, 45.47646, -60
12, R12I08, -46.58473, 47.24217, -60
12, R12I08, -43.80468, 48.93275, -60
12, R12I08, -40.87434, 50.66088, -60
12, R12I08, -37.90645, 52.35146, -60
12, R12I08, -34.638, 53.40337, -60
12, R12I08, -31.70768, 54.15473, -60
12, R12I08, -28.40167, 55.01882, -60
12, R12I08, -25.28348, 55.28178, -60
12, R12I08, -21.93991, 55.20666, -60
12, R12I08, -18.8593, 55.16908, -60
12, R12I08, -15.8914, 56.25857, -60
12, R12I08, -15.10247, 59.56458, -60
12, R12I08, -15.29031, 62.90817, -60
12, R12I08, -15.21517, 65.95119, -60
12, R12I08, -13.44946, 68.58098, -60
12, R12I08, -10.21859, 69.85831, -60
12, R12I08, -6.72474, 70.91022, -60
12, R12I08, -3.456291, 71.73672, -60
12, R12I08, -7.514124E-02, 72.90134, -60
12, R12I08, 2.930325, 73.72784, -60
12, R12I08, 5.935791, 74.66705, -60
12, R12I08, 9.392082, 75.75652, -60
12, R12I08, 12.62295, 76.28249, -60
12, R12I08, 15.8914, 76.28249, -60
12, R12I08, 18.93442, 75.60626, -60
12, R12I08, 22.09017, 75.75652, -60
12, R12I08, 24.87024, 77.3344, -60
12, R12I08, 27.3873, 79.10011, -60
12, R12I08, 30.3552, 80.97852, -60
12, R12I08, 33.99934, 81.46691, -60
12, R12I08, 36.70426, 79.77634, -60
12, R12I08, 38.80808, 77.29684, -60
12, R12I08, 40.68649, 74.29137, -60
12, R12I08, 42.48979, 71.5113, -60
12, R12I08, 44.3306, 68.95666, -60
12, R12I08, 46.81015, 67.22853, -60
12, R12I08, 49.9283, 67.56663, -60
12, R12I08, 52.6708, 69.82072, -60
12, R12I08, 54.88734, 72.30025, -60
12, R12I08, 57.29168, 74.44163, -60
12, R12I08, 60.07174, 75.94436, -60
12, R12I08, 63.11477, 76.95871, -60
12, R12I08, 66.4208, 77.59737, -60
12, R12I08, 69.65166, 77.63493, -60
12, R12I08, 73.1831, 76.99629, -60
12, R12I08, 76.22612, 75.75652, -60
12, R12I08, 79.00619, 74.21622, -60
12, R12I08, 81.78625, 72.11241, -60
12, R12I08, 84.15303, 69.3699, -60
12, R12I08, 86.18173, 66.665, -60
12, R12I08, 88.17287, 63.77224, -60
12, R12I08, 89.82588, 61.25515, -60
12, R12I08, 91.51646, 57.94915, -60
12, R12I08, 92.79375, 55.20666, -60
12, R12I08, 94.07108, 52.16361, -60
12, R12I08, 95.04784, 49.23329, -60
12, R12I08, 96.40034, 45.777, -60
12, R12I08, 97.60251, 42.69639, -60
12, R12I08, 98.692, 39.69093, -60
12, R12I08, 99.63121, 35.89653, -60
12, R12I08, 100.1572, 32.10214, -60
12, R12I08, 100.7958, 29.05909, -60
12, R12I08, 101.3593, 25.52768, -60
12, R12I08, 101.8101, 22.07139, -60
12, R12I08, 102.261, 18.99079, -60
12, R12I08, 102.8996, 15.38423, -60
12, R12I08, 103.4256, 12.34119, -60
12, R12I08, 103.9516, 8.997619, -60
12, R12I08, 104.0642, 5.541328, -60
12, R12I08, 104.1019, 2.23532, -60
12, R12I08, 104.177, -1.033129, -60
12, R12I08, 104.1394, -4.677261, -60
12, R12I08, 104.1394, -7.720287, -60
12, R12I08, 104.2897, -10.91359, -60
12, R12I08, 104.4775, -14.03178, -60
12, R12I08, 104.7029, -17.86375, -60
12, R12I08, 104.9283, -21.32003, -60
12, R12I08, 105.3416, -25.07686, -60
12, R12I08, 105.6421, -28.42045, -60
12, R12I08, 105.8675, -31.76403, -60
12, R12I08, 105.9051, -32.21484, -60
12, R12I08, 104.6278, -34.91977, -60
12, R12I08, 93.73296, -34.01813, -70
12, R12I08, 93.28215, -37.47441, -70
12, R12I08, 93.43243, -40.818, -70
12, R12I08, 93.73296, -44.49969, -70
12, R12I08, 93.65784, -47.91841, -70
12, R12I08, 93.54511, -51.44983, -70
12, R12I08, 93.54511, -54.83098, -70
12, R12I08, 93.80812, -58.09943, -70
12, R12I08, 93.73296, -61.3303, -70
12, R12I08, 94.14624, -64.67389, -70
12, R12I08, 94.70977, -68.01746, -70
12, R12I08, 95.27329, -71.36105, -70
12, R12I08, 95.68654, -74.66705, -70
12, R12I08, 96.2125, -77.67252, -70
12, R12I08, 97.48978, -80.56528, -70
12, R12I08, 98.76712, -83.60832, -70
12, R12I08, 99.70633, -86.72649, -70
12, R12I08, 99.44337, -89.80709, -70
12, R12I08, 98.61684, -92.73742, -70
12, R12I08, 97.33955, -95.63019, -70
12, R12I08, 95.7241, -98.2224, -70
12, R12I08, 93.6954, -100.9273, -70
12, R12I08, 91.17834, -102.8433, -70
12, R12I08, 87.98503, -103.1439, -70
12, R12I08, 84.75416, -102.3925, -70
12, R12I08, 82.12438, -100.9273, -70
12, R12I08, 79.04375, -100.2135, -70
12, R12I08, 75.6626, -100.5892, -70
12, R12I08, 72.43173, -100.9649, -70
12, R12I08, 69.1257, -100.8897, -70
12, R12I08, 66.6462, -98.52294, -70
12, R12I08, 64.09158, -96.38155, -70
12, R12I08, 61.16123, -95.70531, -70
12, R12I08, 58.08065, -95.93073, -70
12, R12I08, 54.73706, -96.23128, -70
12, R12I08, 51.80671, -95.55505, -70
12, R12I08, 48.8388, -94.42799, -70
12, R12I08, 45.9085, -93.45122, -70
12, R12I08, 42.60247, -92.51201, -70
12, R12I08, 39.2589, -91.64794, -70
12, R12I08, 35.9529, -90.93414, -70
12, R12I08, 32.64686, -90.7463, -70
12, R12I08, 29.26571, -90.82143, -70
12, R12I08, 25.99729, -90.67116, -70
12, R12I08, 22.4283, -90.44575, -70
12, R12I08, 19.00957, -90.40819, -70
12, R12I08, 15.70356, -89.95737, -70
12, R12I08, 12.13457, -89.28114, -70
12, R12I08, 9.129099, -88.64247, -70
12, R12I08, 5.672808, -87.96625, -70
12, R12I08, 2.2541, -87.74084, -70
12, R12I08, -1.23975, -87.55299, -70
12, R12I08, -4.545782, -87.13974, -70
12, R12I08, -7.588807, -86.12539, -70
12, R12I08, -10.55671, -85.2989, -70
12, R12I08, -13.48704, -84.39725, -70
12, R12I08, -16.53006, -83.42048, -70
12, R12I08, -19.53553, -82.78181, -70
12, R12I08, -22.541, -82.4437, -70
12, R12I08, -25.92215, -82.06802, -70
12, R12I08, -28.96519, -81.80503, -70
12, R12I08, -32.00822, -81.46692, -70
12, R12I08, -35.35181, -81.01611, -70
12, R12I08, -38.69538, -80.97854, -70
12, R12I08, -41.70084, -80.49014, -70
12, R12I08, -44.03009, -78.01064, -70
12, R12I08, -46.81015, -76.35763, -70
12, R12I08, -49.32721, -78.23605, -70
12, R12I08, -51.84429, -80.64043, -70
12, R12I08, -55.26302, -80.1896, -70
12, R12I08, -57.74252, -78.01064, -70
12, R12I08, -60.25961, -75.75654, -70
12, R12I08, -62.401, -72.86378, -70
12, R12I08, -63.60318, -69.97101, -70
12, R12I08, -63.79102, -66.96555, -70
12, R12I08, -64.1667, -63.92252, -70
12, R12I08, -64.27942, -60.20325, -70
12, R12I08, -64.54238, -56.74697, -70
12, R12I08, -64.61752, -53.32825, -70
12, R12I08, -64.73022, -50.13494, -70
12, R12I08, -65.25619, -46.71622, -70
12, R12I08, -65.89486, -43.52291, -70
12, R12I08, -66.83406, -40.29203, -70
12, R12I08, -67.51029, -36.87332, -70
12, R12I08, -68.2241, -33.19162, -70
12, R12I08, -68.78762, -29.6602, -70
12, R12I08, -69.23843, -26.24148, -70
12, R12I08, -69.57655, -22.59736, -70
12, R12I08, -69.91467, -18.91566, -70
12, R12I08, -70.25277, -15.72236, -70
12, R12I08, -70.51575, -12.41633, -70
12, R12I08, -70.77874, -9.110319, -70
12, R12I08, -71.04173, -6.067294, -70
12, R12I08, -71.45496, -2.460721, -70
12, R12I08, -71.68037, 1.10827, -70
12, R12I08, -71.34226, 4.526979, -70
12, R12I08, -70.62846, 8.020829, -70
12, R12I08, -69.68925, 11.47712, -70
12, R12I08, -68.63734, 14.74557, -70
12, R12I08, -67.24731, 18.16428, -70
12, R12I08, -65.63187, 21.47029, -70
12, R12I08, -63.86616, 24.28791, -70
12, R12I08, -61.27396, 26.57959, -70
12, R12I08, -59.01986, 28.87125, -70
12, R12I08, -56.76576, 30.93751, -70
12, R12I08, -54.54922, 33.19161, -70
12, R12I08, -52.6708, 35.78383, -70
12, R12I08, -51.58131, 38.63902, -70
12, R12I08, -50.45426, 41.79477, -70
12, R12I08, -48.57584, 44.38697, -70
12, R12I08, -45.49526, 44.57481, -70
12, R12I08, -42.67764, 43.5229, -70
12, R12I08, -39.67217, 43.78588, -70
12, R12I08, -37.90645, 46.90405, -70
12, R12I08, -36.81696, 49.90952, -70
12, R12I08, -35.31423, 52.61444, -70
12, R12I08, -32.53419, 54.30501, -70
12, R12I08, -29.56628, 55.28178, -70
12, R12I08, -26.67351, 56.18343, -70
12, R12I08, -23.74319, 58.02429, -70
12, R12I08, -20.85042, 59.26404, -70
12, R12I08, -17.6947, 60.12811, -70
12, R12I08, -14.87707, 61.48056, -70
12, R12I08, -12.02186, 62.45734, -70
12, R12I08, -8.790998, 62.75789, -70
12, R12I08, -5.74795, 62.72033, -70
12, R12I08, -2.404382, 62.94573, -70
12, R12I08, 0.4883837, 64.48602, -70
12, R12I08, 3.268449, 66.47716, -70
12, R12I08, 5.86065, 68.61854, -70
12, R12I08, 8.002049, 70.79752, -70
12, R12I08, 10.33129, 72.75105, -70
12, R12I08, 13.48702, 73.84055, -70
12, R12I08, 16.68032, 74.21622, -70
12, R12I08, 19.94877, 74.10352, -70
12, R12I08, 23.14208, 73.87811, -70
12, R12I08, 26.41053, 73.91569, -70
12, R12I08, 29.67898, 74.59191, -70
12, R12I08, 32.83471, 75.53112, -70
12, R12I08, 35.80261, 76.24493, -70
12, R12I08, 38.92078, 76.16978, -70
12, R12I08, 41.66326, 74.89246, -70
12, R12I08, 43.76708, 72.33781, -70
12, R12I08, 45.60794, 69.74559, -70
12, R12I08, 47.29851, 67.00311, -70
12, R12I08, 49.06425, 64.33576, -70
12, R12I08, 51.05534, 61.85624, -70
12, R12I08, 54.06081, 61.55569, -70
12, R12I08, 56.76576, 63.47169, -70
12, R12I08, 59.62094, 65.16227, -70
12, R12I08, 62.58885, 66.10148, -70
12, R12I08, 65.33131, 67.41637, -70
12, R12I08, 67.58541, 69.52019, -70
12, R12I08, 70.17764, 72.26267, -70
12, R12I08, 72.50685, 74.36651, -70
12, R12I08, 74.76095, 76.43277, -70
12, R12I08, 78.1421, 77.4471, -70
12, R12I08, 81.52325, 76.95871, -70
12, R12I08, 84.19064, 75.11787, -70
12, R12I08, 85.91877, 72.56321, -70
12, R12I08, 87.30878, 69.55775, -70
12, R12I08, 88.28555, 66.36444, -70
12, R12I08, 89.14964, 63.20871, -70
12, R12I08, 89.63805, 60.05296, -70
12, R12I08, 90.01373, 56.85965, -70
12, R12I08, 90.42697, 53.21552, -70
12, R12I08, 90.61481, 50.02221, -70
12, R12I08, 90.95293, 46.67865, -70
12, R12I08, 91.25346, 43.1848, -70
12, R12I08, 91.51646, 39.91635, -70
12, R12I08, 91.47886, 36.19707, -70
12, R12I08, 91.4413, 32.89107, -70
12, R12I08, 91.47886, 29.28452, -70
12, R12I08, 91.62914, 26.12877, -70
12, R12I08, 91.85454, 22.74762, -70
12, R12I08, 92.07999, 19.21619, -70
12, R12I08, 92.19267, 15.57208, -70
12, R12I08, 92.34295, 12.49147, -70
12, R12I08, 92.3805, 8.772196, -70
12, R12I08, 92.41806, 5.541328, -70
12, R12I08, 92.49323, 2.423162, -70
12, R12I08, 92.6059, -1.183411, -70
12, R12I08, 92.64351, -4.301578, -70
12, R12I08, 92.90647, -8.058411, -70
12, R12I08, 92.98159, -11.17658, -70
12, R12I08, 92.98159, -14.63287, -70
12, R12I08, 92.90647, -17.93888, -70
12, R12I08, 92.79375, -21.50787, -70
12, R12I08, 92.68107, -25.11443, -70
12, R12I08, 92.53078, -28.42045, -70
12, R12I08, 92.45567, -31.57619, -70
12, R12I08, 93.73296, -34.01813, -70
12, R12I08, 70.81628, -33.4546, -80
12, R12I08, 71.53008, -36.61034, -80
12, R12I08, 71.79309, -39.69095, -80
12, R12I08, 71.94332, -42.73397, -80
12, R12I08, 71.94332, -46.07756, -80
12, R12I08, 72.01849, -49.12059, -80
12, R12I08, 72.39417, -52.35147, -80
12, R12I08, 72.9577, -55.3945, -80
12, R12I08, 73.55878, -58.8508, -80
12, R12I08, 73.85934, -62.57006, -80
12, R12I08, 74.19743, -66.21418, -80
12, R12I08, 74.64827, -69.74561, -80
12, R12I08, 75.13663, -73.01405, -80
12, R12I08, 75.62504, -76.54547, -80
12, R12I08, 76.07584, -79.73878, -80
12, R12I08, 76.78965, -83.15749, -80
12, R12I08, 77.57858, -86.65136, -80
12, R12I08, 78.29238, -89.69438, -80
12, R12I08, 78.36755, -93.15067, -80
12, R12I08, 76.52669, -95.70531, -80
12, R12I08, 73.1831, -97.13292, -80
12, R12I08, 70.02735, -97.5086, -80
12, R12I08, 66.8716, -96.94508, -80
12, R12I08, 63.75346, -95.29208, -80
12, R12I08, 61.04851, -93.6015, -80
12, R12I08, 58.34361, -91.91093, -80
12, R12I08, 54.88734, -90.14521, -80
12, R12I08, 51.91943, -88.79275, -80
12, R12I08, 49.02665, -87.47785, -80
12, R12I08, 45.9085, -86.38837, -80
12, R12I08, 42.52735, -85.2989, -80
12, R12I08, 39.1462, -84.62266, -80
12, R12I08, 36.02801, -84.05914, -80
12, R12I08, 32.98499, -83.04479, -80
12, R12I08, 29.86682, -82.29343, -80
12, R12I08, 26.67351, -82.18072, -80
12, R12I08, 23.59291, -82.331, -80
12, R12I08, 20.06147, -82.03045, -80
12, R12I08, 16.94331, -81.50449, -80
12, R12I08, 13.22406, -80.33987, -80
12, R12I08, 9.993166, -79.10012, -80
12, R12I08, 7.062841, -78.01064, -80
12, R12I08, 3.831974, -77.07143, -80
12, R12I08, 0.1878416, -75.98194, -80
12, R12I08, -3.23089, -74.8549, -80
12, R12I08, -6.799881, -73.80299, -80
12, R12I08, -10.21859, -72.30025, -80
12, R12I08, -13.2992, -70.64725, -80
12, R12I08, -16.3798, -69.29478, -80
12, R12I08, -19.68581, -67.64178, -80
12, R12I08, -22.87912, -65.80093, -80
12, R12I08, -26.18513, -64.18549, -80
12, R12I08, -29.416, -62.34464, -80
12, R12I08, -32.68444, -60.6165, -80
12, R12I08, -35.68991, -59.18891, -80
12, R12I08, -38.99592, -57.38562, -80
12, R12I08, -41.81355, -55.46965, -80
12, R12I08, -44.74389, -53.55366, -80
12, R12I08, -47.33609, -51.07415, -80
12, R12I08, -49.28965, -48.63221, -80
12, R12I08, -50.82994, -45.85215, -80
12, R12I08, -52.4454, -43.14723, -80
12, R12I08, -54.09839, -40.06663, -80
12, R12I08, -55.45087, -36.64791, -80
12, R12I08, -56.65303, -33.83029, -80
12, R12I08, -58.11821, -30.59941, -80
12, R12I08, -59.09497, -27.2934, -80
12, R12I08, -59.88392, -24.21279, -80
12, R12I08, -60.78555, -20.86921, -80
12, R12I08, -61.19881, -17.82618, -80
12, R12I08, -60.86069, -14.70801, -80
12, R12I08, -60.29716, -11.28928, -80
12, R12I08, -59.5458, -8.09597, -80
12, R12I08, -58.60659, -4.827544, -80
12, R12I08, -57.179, -1.333671, -80
12, R12I08, -55.82655, 2.272879, -80
12, R12I08, -54.88734, 5.654029, -80
12, R12I08, -53.94813, 8.621936, -80
12, R12I08, -52.74594, 11.6274, -80
12, R12I08, -50.1913, 13.50582, -80
12, R12I08, -47.07311, 12.22849, -80
12, R12I08, -43.7671, 11.9655, -80
12, R12I08, -41.43786, 14.36989, -80
12, R12I08, -39.22134, 16.84939, -80
12, R12I08, -36.14074, 18.65266, -80
12, R12I08, -33.13527, 19.92999, -80
12, R12I08, -29.67898, 21.43273, -80
12, R12I08, -26.44811, 22.67248, -80
12, R12I08, -23.48021, 23.79953, -80
12, R12I08, -20.58744, 25.152, -80
12, R12I08, -17.50686, 26.27905, -80
12, R12I08, -14.46381, 27.21826, -80
12, R12I08, -11.08266, 28.27017, -80
12, R12I08, -7.776649, 29.17179, -80
12, R12I08, -4.545782, 30.14858, -80
12, R12I08, -1.390033, 30.82481, -80
12, R12I08, 1.878416, 31.80158, -80
12, R12I08, 4.658459, 33.34189, -80
12, R12I08, 7.701507, 35.25787, -80
12, R12I08, 10.03075, 37.69981, -80
12, R12I08, 11.68374, 40.63013, -80
12, R12I08, 13.59974, 42.95937, -80
12, R12I08, 16.49248, 44.91293, -80
12, R12I08, 19.61067, 44.83779, -80
12, R12I08, 20.58744, 41.75718, -80
12, R12I08, 21.26366, 38.7893, -80
12, R12I08, 22.27801, 35.78383, -80
12, R12I08, 24.38183, 33.15405, -80
12, R12I08, 27.08676, 31.23805, -80
12, R12I08, 30.2425, 30.67453, -80
12, R12I08, 33.47337, 31.83916, -80
12, R12I08, 36.291, 33.71758, -80
12, R12I08, 38.77052, 35.67113, -80
12, R12I08, 40.76163, 38.41362, -80
12, R12I08, 42.90303, 41.08096, -80
12, R12I08, 45.04441, 43.59804, -80
12, R12I08, 47.33607, 45.58916, -80
12, R12I08, 49.47749, 47.8057, -80
12, R12I08, 51.61887, 50.24764, -80
12, R12I08, 53.87297, 52.61444, -80
12, R12I08, 56.16463, 54.9061, -80
12, R12I08, 58.94469, 57.23534, -80
12, R12I08, 61.76232, 58.47509, -80
12, R12I08, 64.69267, 57.72372, -80
12, R12I08, 67.13461, 55.7326, -80
12, R12I08, 68.59978, 53.06526, -80
12, R12I08, 69.76439, 49.83437, -80
12, R12I08, 70.62843, 46.6035, -80
12, R12I08, 70.96656, 43.25991, -80
12, R12I08, 71.19196, 40.17933, -80
12, R12I08, 71.04173, 36.46006, -80
12, R12I08, 70.96656, 33.07891, -80
12, R12I08, 70.929, 30.03588, -80
12, R12I08, 71.26712, 26.91769, -80
12, R12I08, 71.60525, 23.236, -80
12, R12I08, 71.75549, 19.77971, -80
12, R12I08, 71.75549, 16.73668, -80
12, R12I08, 71.83065, 13.09255, -80
12, R12I08, 71.90577, 9.22302, -80
12, R12I08, 71.64281, 5.541328, -80
12, R12I08, 71.3798, 2.009896, -80
12, R12I08, 71.3798, -1.145829, -80
12, R12I08, 71.34224, -4.639702, -80
12, R12I08, 71.26712, -7.720287, -80
12, R12I08, 71.11684, -10.98874, -80
12, R12I08, 71.07928, -14.74557, -80
12, R12I08, 71.22956, -17.7886, -80
12, R12I08, 71.30468, -21.13218, -80
12, R12I08, 71.1544, -24.58847, -80
12, R12I08, 71.04173, -28.00719, -80
12, R12I08, 71.22956, -30.67455, -80
12, R12I08, 70.81628, -33.4546, -80
12, R12I08, 74.34771, -35.74627, -90
12, R12I08, 74.79855, -39.20255, -90
12, R12I08, 74.08475, -42.20802, -90
12, R12I08, 73.74662, -45.28863, -90
12, R12I08, 74.23503, -48.63221, -90
12, R12I08, 74.94879, -51.90065, -90
12, R12I08, 75.54992, -55.2818, -90
12, R12I08, 75.54992, -58.58781, -90
12, R12I08, 74.83611, -61.63085, -90
12, R12I08, 73.14554, -64.63631, -90
12, R12I08, 70.96656, -67.8672, -90
12, R12I08, 69.16331, -70.38426, -90
12, R12I08, 67.32245, -73.46487, -90
12, R12I08, 66.12023, -76.35763, -90
12, R12I08, 67.73569, -79.10012, -90
12, R12I08, 69.27599, -81.69234, -90
12, R12I08, 70.929, -84.66023, -90
12, R12I08, 72.7323, -87.25244, -90
12, R12I08, 74.31015, -90.14521, -90
12, R12I08, 73.70906, -93.37608, -90
12, R12I08, 72.01849, -95.93073, -90
12, R12I08, 69.20087, -97.5086, -90
12, R12I08, 65.63187, -98.2224, -90
12, R12I08, 62.28828, -97.58373, -90
12, R12I08, 59.35794, -96.00587, -90
12, R12I08, 56.46519, -94.84125, -90
12, R12I08, 53.72269, -93.6015, -90
12, R12I08, 50.60454, -92.36173, -90
12, R12I08, 47.29851, -91.3474, -90
12, R12I08, 43.95492, -90.18278, -90
12, R12I08, 40.87434, -89.01816, -90
12, R12I08, 38.09427, -87.85354, -90
12, R12I08, 35.42693, -86.38837, -90
12, R12I08, 32.27118, -84.8105, -90
12, R12I08, 29.45356, -83.45805, -90
12, R12I08, 26.33539, -81.65476, -90
12, R12I08, 23.40506, -80.15203, -90
12, R12I08, 20.66258, -78.91228, -90
12, R12I08, 17.9201, -77.55981, -90
12, R12I08, 14.50137, -76.01952, -90
12, R12I08, 11.42076, -74.70462, -90
12, R12I08, 8.377732, -73.4273, -90
12, R12I08, 5.297125, -72.30025, -90
12, R12I08, 2.028676, -71.21077, -90
12, R12I08, -0.9392082, -70.19643, -90
12, R12I08, -4.132516, -68.91911, -90
12, R12I08, -7.213123, -67.67935, -90
12, R12I08, -10.78211, -66.21418, -90
12, R12I08, -13.75002, -65.012, -90
12, R12I08, -16.60521, -63.88495, -90
12, R12I08, -20.02391, -62.49492, -90
12, R12I08, -23.63049, -61.14245, -90
12, R12I08, -26.74865, -60.0154, -90
12, R12I08, -29.67898, -58.77565, -90
12, R12I08, -32.4966, -57.49833, -90
12, R12I08, -35.27667, -56.25857, -90
12, R12I08, -37.98159, -54.90612, -90
12, R12I08, -40.79922, -53.44094, -90
12, R12I08, -43.57926, -51.97578, -90
12, R12I08, -46.92285, -50.39792, -90
12, R12I08, -49.74047, -49.00789, -90
12, R12I08, -52.82108, -47.16704, -90
12, R12I08, -55.97681, -45.21349, -90
12, R12I08, -58.64417, -43.71075, -90
12, R12I08, -61.31152, -41.26881, -90
12, R12I08, -63.18993, -38.86444, -90
12, R12I08, -65.06835, -36.23466, -90
12, R12I08, -66.4208, -33.15405, -90
12, R12I08, -66.94676, -29.92318, -90
12, R12I08, -66.79649, -26.57959, -90
12, R12I08, -65.96999, -22.97304, -90
12, R12I08, -64.76781, -20.19298, -90
12, R12I08, -62.85181, -17.07481, -90
12, R12I08, -61.01097, -14.48259, -90
12, R12I08, -58.11821, -12.45391, -90
12, R12I08, -55.00004, -11.92794, -90
12, R12I08, -51.54375, -11.92794, -90
12, R12I08, -48.31288, -11.70254, -90
12, R12I08, -45.87094, -9.899268, -90
12, R12I08, -43.61684, -7.382185, -90
12, R12I08, -41.73843, -4.902662, -90
12, R12I08, -39.3716, -2.761286, -90
12, R12I08, -36.21588, -2.686145, -90
12, R12I08, -33.21041, -1.709354, -90
12, R12I08, -30.3552, -0.6574457, -90
12, R12I08, -26.97405, -0.5071862, -90
12, R12I08, -24.15643, 0.732587, -90
12, R12I08, -21.2261, 2.49828, -90
12, R12I08, -18.37092, 4.339137, -90
12, R12I08, -15.14003, 5.804311, -90
12, R12I08, -12.17215, 6.818638, -90
12, R12I08, -8.790998, 6.96892, -90
12, R12I08, -5.59769, 7.419745, -90
12, R12I08, -2.554642, 7.532445, -90
12, R12I08, 0.3381012, 6.630796, -90
12, R12I08, 3.49385, 5.616469, -90
12, R12I08, 6.875, 6.367836, -90
12, R12I08, 9.805325, 7.607586, -90
12, R12I08, 12.62295, 9.861686, -90
12, R12I08, 14.98975, 12.30363, -90
12, R12I08, 17.05601, 14.52014, -90
12, R12I08, 19.46039, 16.62399, -90
12, R12I08, 21.75205, 18.65266, -90
12, R12I08, 24.56967, 20.04269, -90
12, R12I08, 27.34974, 18.57754, -90
12, R12I08, 29.56628, 16.4737, -90
12, R12I08, 32.57174, 15.83504, -90
12, R12I08, 35.68991, 16.39856, -90
12, R12I08, 38.69538, 15.49693, -90
12, R12I08, 41.70082, 13.9942, -90
12, R12I08, 44.36821, 12.52903, -90
12, R12I08, 46.81015, 10.65061, -90
12, R12I08, 49.47749, 8.847337, -90
12, R12I08, 51.99455, 7.119203, -90
12, R12I08, 54.47405, 5.052945, -90
12, R12I08, 56.84087, 2.836404, -90
12, R12I08, 59.05742, 0.6950049, -90
12, R12I08, 61.34908, -1.709354, -90
12, R12I08, 63.34021, -4.45186, -90
12, R12I08, 65.25619, -7.532445, -90
12, R12I08, 67.17216, -10.38765, -90
12, R12I08, 68.63734, -13.13014, -90
12, R12I08, 70.17764, -16.2483, -90
12, R12I08, 71.45496, -18.9908, -90
12, R12I08, 72.58202, -22.25923, -90
12, R12I08, 73.78418, -25.52768, -90
12, R12I08, 74.61071, -29.02153, -90
12, R12I08, 75.06152, -32.10214, -90
12, R12I08, 75.17424, -33.26676, -90
12, R12I08, 74.34771, -35.74627, -90
12, R12I08, 63.9413, -36.46007, -100
12, R12I08, 65.78216, -39.50311, -100
12, R12I08, 67.39757, -42.73397, -100
12, R12I08, 68.93786, -46.11512, -100
12, R12I08, 70.02735, -48.97032, -100
12, R12I08, 71.30468, -51.97578, -100
12, R12I08, 73.07037, -55.05639, -100
12, R12I08, 74.5731, -58.43754, -100
12, R12I08, 75.73776, -61.63085, -100
12, R12I08, 76.45152, -64.63631, -100
12, R12I08, 77.12777, -68.28043, -100
12, R12I08, 77.76642, -71.43619, -100
12, R12I08, 78.40511, -74.55435, -100
12, R12I08, 78.93107, -77.86036, -100
12, R12I08, 78.93107, -81.05367, -100
12, R12I08, 78.1797, -84.02158, -100
12, R12I08, 76.86481, -86.72649, -100
12, R12I08, 75.06152, -89.24357, -100
12, R12I08, 72.61958, -91.38496, -100
12, R12I08, 69.53899, -92.47445, -100
12, R12I08, 66.15784, -92.0612, -100
12, R12I08, 63.15237, -91.38496, -100
12, R12I08, 60.33475, -90.03251, -100
12, R12I08, 57.47952, -88.30436, -100
12, R12I08, 55.18786, -86.20053, -100
12, R12I08, 52.52052, -83.87129, -100
12, R12I08, 49.51505, -83.11993, -100
12, R12I08, 46.50959, -83.64589, -100
12, R12I08, 43.12844, -84.54753, -100
12, R12I08, 40.12297, -84.02158, -100
12, R12I08, 38.50754, -81.42935, -100
12, R12I08, 35.87775, -79.62608, -100
12, R12I08, 32.722, -79.40067, -100
12, R12I08, 29.67898, -78.94985, -100
12, R12I08, 27.01161, -76.95872, -100
12, R12I08, 24.6824, -74.8549, -100
12, R12I08, 21.56421, -73.87813, -100
12, R12I08, 18.2582, -74.21624, -100
12, R12I08, 15.62842, -72.07484, -100
12, R12I08, 12.62295, -70.53454, -100
12, R12I08, 9.053958, -69.36993, -100
12, R12I08, 5.409825, -68.01746, -100
12, R12I08, 2.066258, -66.92799, -100
12, R12I08, -1.089491, -65.72579, -100
12, R12I08, -4.35794, -64.74902, -100
12, R12I08, -7.588807, -63.73468, -100
12, R12I08, -10.78211, -62.64519, -100
12, R12I08, -13.78758, -61.51814, -100
12, R12I08, -16.64277, -60.57893, -100
12, R12I08, -19.9488, -59.48945, -100
12, R12I08, -23.06696, -58.17456, -100
12, R12I08, -25.95973, -56.55912, -100
12, R12I08, -28.70221, -54.90612, -100
12, R12I08, -31.59498, -52.99013, -100
12, R12I08, -34.45016, -50.84874, -100
12, R12I08, -37.0048, -49.04546, -100
12, R12I08, -39.52188, -46.9792, -100
12, R12I08, -42.33951, -44.8378, -100
12, R12I08, -44.96929, -42.99696, -100
12, R12I08, -47.78692, -40.89313, -100
12, R12I08, -50.11616, -38.86444, -100
12, R12I08, -52.10728, -36.61034, -100
12, R12I08, -53.87299, -34.01813, -100
12, R12I08, -55.37572, -31.3132, -100
12, R12I08, -56.99116, -28.42045, -100
12, R12I08, -58.56903, -25.22714, -100
12, R12I08, -60.10933, -22.44708, -100
12, R12I08, -61.19881, -19.51675, -100
12, R12I08, -59.58338, -16.96211, -100
12, R12I08, -56.72818, -15.94776, -100
12, R12I08, -53.72271, -14.78315, -100
12, R12I08, -51.09293, -13.28042, -100
12, R12I08, -48.20016, -11.36442, -100
12, R12I08, -45.38253, -9.373302, -100
12, R12I08, -42.60249, -7.645168, -100
12, R12I08, -39.3716, -6.781079, -100
12, R12I08, -36.29102, -6.555678, -100
12, R12I08, -33.24797, -7.044062, -100
12, R12I08, -30.16736, -5.654029, -100
12, R12I08, -27.50002, -4.001036, -100
12, R12I08, -24.38185, -4.526979, -100
12, R12I08, -21.03826, -4.639702, -100
12, R12I08, -18.37092, -3.212087, -100
12, R12I08, -15.92898, -0.7701461, -100
12, R12I08, -12.77323, 0.2817625, -100
12, R12I08, -9.579924, 0.1690621, -100
12, R12I08, -6.536898, -0.6198866, -100
12, R12I08, -3.080607, 0.2066212, -100
12, R12I08, -0.4508245, 2.272879, -100
12, R12I08, 1.615433, 4.48942, -100
12, R12I08, 3.568991, 7.044062, -100
12, R12I08, 5.522549, 9.673844, -100
12, R12I08, 8.377732, 12.26605, -100
12, R12I08, 11.6086, 13.43068, -100
12, R12I08, 14.91463, 13.20525, -100
12, R12I08, 18.10794, 12.67931, -100
12, R12I08, 21.30125, 11.28928, -100
12, R12I08, 24.30671, 9.448421, -100
12, R12I08, 27.46244, 7.607586, -100
12, R12I08, 30.50549, 6.217554, -100
12, R12I08, 33.24797, 4.301578, -100
12, R12I08, 35.53963, 1.897196, -100
12, R12I08, 37.90643, -0.6950278, -100
12, R12I08, 40.34837, -2.836404, -100
12, R12I08, 42.82787, -4.977803, -100
12, R12I08, 45.23225, -7.194344, -100
12, R12I08, 47.26095, -9.711427, -100
12, R12I08, 49.21449, -12.30363, -100
12, R12I08, 51.16807, -15.15883, -100
12, R12I08, 52.85864, -17.71348, -100
12, R12I08, 54.51166, -20.30569, -100
12, R12I08, 56.50275, -23.31115, -100
12, R12I08, 58.34361, -26.31662, -100
12, R12I08, 60.14691, -29.17182, -100
12, R12I08, 61.9126, -31.68889, -100
12, R12I08, 63.00209, -33.98056, -100
12, R12I08, 63.9413, -36.46007, -100
