Report_Number, Iceberg_Number, X_Value, Y_Value, Z_Value
12, R12I10, 88.67061, 8.071124, -15
12, R12I10, 88.76995, 8.120795, -15
12, R12I10, 88.14909, 5.885715, -15
12, R12I10, 87.55306, 3.725134, -15
12, R12I10, 86.98186, 1.514897, -15
12, R12I10, 86.51004, -0.5960124, -15
12, R12I10, 86.21201, -2.806265, -15
12, R12I10, 86.21201, -5.091017, -15
12, R12I10, 86.38587, -7.102583, -15
12, R12I10, 86.68387, -9.138992, -15
12, R12I10, 87.25507, -11.44857, -15
12, R12I10, 87.70206, -13.60915, -15
12, R12I10, 88.34775, -15.74489, -15
12, R12I10, 89.06795, -17.75647, -15
12, R12I10, 89.88749, -19.71837, -15
12, R12I10, 90.85603, -21.80445, -15
12, R12I10, 91.55137, -24.1637, -15
12, R12I10, 91.89906, -26.24977, -15
12, R12I10, 92.02322, -28.43518, -15
12, R12I10, 92.07288, -30.59576, -15
12, R12I10, 91.92388, -32.97985, -15
12, R12I10, 91.52654, -35.01625, -15
12, R12I10, 90.48352, -37.152, -15
12, R12I10, 89.21695, -39.13874, -15
12, R12I10, 87.70206, -40.97647, -15
12, R12I10, 86.31136, -42.61553, -15
12, R12I10, 84.59779, -43.95657, -15
12, R12I10, 83.00839, -45.5708, -15
12, R12I10, 81.19551, -46.91185, -15
12, R12I10, 79.58128, -48.12873, -15
12, R12I10, 77.91737, -49.4201, -15
12, R12I10, 76.05481, -50.61215, -15
12, R12I10, 74.31641, -51.70486, -15
12, R12I10, 72.25519, -52.57405, -15
12, R12I10, 70.4671, -53.46809, -15
12, R12I10, 68.48037, -54.43662, -15
12, R12I10, 66.71714, -55.85217, -15
12, R12I10, 65.12775, -57.16839, -15
12, R12I10, 63.31487, -58.7081, -15
12, R12I10, 61.8993, -60.12366, -15
12, R12I10, 60.63276, -61.66338, -15
12, R12I10, 59.09305, -63.02927, -15
12, R12I10, 56.98214, -63.42661, -15
12, R12I10, 54.9954, -63.42661, -15
12, R12I10, 52.68581, -63.60045, -15
12, R12I10, 50.67424, -64.09714, -15
12, R12I10, 48.66267, -64.04746, -15
12, R12I10, 46.40276, -63.9978, -15
12, R12I10, 44.29185, -64.24614, -15
12, R12I10, 42.03191, -64.59382, -15
12, R12I10, 39.72235, -64.91666, -15
12, R12I10, 37.11476, -65.33884, -15
12, R12I10, 35.07835, -66.05904, -15
12, R12I10, 32.94259, -66.87857, -15
12, R12I10, 30.75718, -67.5491, -15
12, R12I10, 28.86979, -68.19479, -15
12, R12I10, 26.46087, -68.74114, -15
12, R12I10, 24.12644, -68.84048, -15
12, R12I10, 22.13971, -68.91497, -15
12, R12I10, 20.15297, -69.01431, -15
12, R12I10, 18.01723, -68.91497, -15
12, R12I10, 16.03049, -68.41829, -15
12, R12I10, 13.72091, -67.74777, -15
12, R12I10, 11.33682, -67.17657, -15
12, R12I10, 9.126578, -66.7544, -15
12, R12I10, 6.94117, -66.33221, -15
12, R12I10, 4.855088, -65.9597, -15
12, R12I10, 2.86835, -65.33884, -15
12, R12I10, 0.6084416, -64.44482, -15
12, R12I10, -1.229297, -63.55078, -15
12, R12I10, -3.166364, -62.75609, -15
12, R12I10, -5.078603, -61.71305, -15
12, R12I10, -6.717656, -60.47134, -15
12, R12I10, -8.307053, -58.85711, -15
12, R12I10, -9.076907, -56.92004, -15
12, R12I10, -9.697762, -54.58563, -15
12, R12I10, -10.02062, -52.30088, -15
12, R12I10, -10.19445, -50.26447, -15
12, R12I10, -10.21929, -48.12873, -15
12, R12I10, -9.424592, -45.99298, -15
12, R12I10, -8.083538, -44.03108, -15
12, R12I10, -6.94117, -42.24302, -15
12, R12I10, -6.146472, -40.35561, -15
12, R12I10, -5.600115, -37.97152, -15
12, R12I10, -5.649787, -35.93512, -15
12, R12I10, -6.742499, -33.79938, -15
12, R12I10, -7.98421, -32.06098, -15
12, R12I10, -9.076907, -30.24809, -15
12, R12I10, -9.970948, -28.38552, -15
12, R12I10, -11.26233, -26.52295, -15
12, R12I10, -12.45437, -24.73488, -15
12, R12I10, -13.91958, -22.89715, -15
12, R12I10, -15.13647, -21.30776, -15
12, R12I10, -16.30368, -19.17202, -15
12, R12I10, -17.1232, -16.88728, -15
12, R12I10, -17.9179, -14.90054, -15
12, R12I10, -18.58843, -12.69028, -15
12, R12I10, -19.23411, -10.67872, -15
12, R12I10, -19.92947, -8.294623, -15
12, R12I10, -20.35165, -6.183713, -15
12, R12I10, -20.69934, -3.998305, -15
12, R12I10, -20.92284, -1.812896, -15
12, R12I10, -20.74899, 0.4718564, -15
12, R12I10, -20.07848, 2.88078, -15
12, R12I10, -19.25894, 5.04136, -15
12, R12I10, -18.76226, 7.450268, -15
12, R12I10, -18.61326, 9.536349, -15
12, R12I10, -18.61326, 11.57276, -15
12, R12I10, -19.08511, 13.53465, -15
12, R12I10, -20.05364, 15.59591, -15
12, R12I10, -21.56853, 17.43363, -15
12, R12I10, -22.98407, 19.02303, -15
12, R12I10, -24.3003, 20.56275, -15
12, R12I10, -25.76551, 22.37565, -15
12, R12I10, -27.08172, 23.89053, -15
12, R12I10, -28.17443, 25.55443, -15
12, R12I10, -29.56515, 27.56599, -15
12, R12I10, -30.70753, 29.3789, -15
12, R12I10, -31.67605, 31.29113, -15
12, R12I10, -32.44592, 33.15369, -15
12, R12I10, -32.91777, 35.48812, -15
12, R12I10, -32.5701, 37.5742, -15
12, R12I10, -31.8499, 39.56094, -15
12, R12I10, -30.8317, 41.27449, -15
12, R12I10, -29.1678, 43.26123, -15
12, R12I10, -27.57841, 44.9748, -15
12, R12I10, -26.13803, 46.39035, -15
12, R12I10, -24.34996, 47.9549, -15
12, R12I10, -22.23905, 49.12212, -15
12, R12I10, -20.27715, 50.18998, -15
12, R12I10, -17.9924, 51.30752, -15
12, R12I10, -15.53381, 52.35056, -15
12, R12I10, -13.14973, 52.97142, -15
12, R12I10, -10.6663, 53.59227, -15
12, R12I10, -8.654737, 54.26279, -15
12, R12I10, -6.692827, 54.75947, -15
12, R12I10, -4.408075, 55.3555, -15
12, R12I10, -2.421337, 55.95153, -15
12, R12I10, -0.1117571, 56.62204, -15
12, R12I10, 1.974324, 56.84555, -15
12, R12I10, 4.259061, 57.14357, -15
12, R12I10, 6.717656, 57.21807, -15
12, R12I10, 8.878237, 57.14357, -15
12, R12I10, 10.86497, 57.11872, -15
12, R12I10, 13.32355, 57.04422, -15
12, R12I10, 15.48413, 56.87038, -15
12, R12I10, 17.57022, 56.42337, -15
12, R12I10, 19.8053, 55.97636, -15
12, R12I10, 21.89136, 55.23133, -15
12, R12I10, 23.77877, 54.51113, -15
12, R12I10, 25.71584, 53.84062, -15
12, R12I10, 27.45424, 52.77273, -15
12, R12I10, 29.06846, 51.45652, -15
12, R12I10, 30.23567, 49.54428, -15
12, R12I10, 30.55851, 47.28437, -15
12, R12I10, 30.186, 45.09896, -15
12, R12I10, 29.76381, 43.13705, -15
12, R12I10, 29.3913, 41.00132, -15
12, R12I10, 30.037, 39.06425, -15
12, R12I10, 31.50221, 37.62386, -15
12, R12I10, 33.26545, 36.58083, -15
12, R12I10, 35.27702, 36.87883, -15
12, R12I10, 37.26376, 37.35069, -15
12, R12I10, 39.52366, 37.94671, -15
12, R12I10, 41.60975, 38.51789, -15
12, R12I10, 43.62131, 38.74139, -15
12, R12I10, 46.10473, 39.28775, -15
12, R12I10, 48.14116, 39.70993, -15
12, R12I10, 50.22721, 40.10728, -15
12, R12I10, 52.63615, 40.40529, -15
12, R12I10, 54.64772, 40.60396, -15
12, R12I10, 56.80828, 40.30596, -15
12, R12I10, 58.96888, 39.63544, -15
12, R12I10, 60.95562, 38.74139, -15
12, R12I10, 62.84301, 37.52453, -15
12, R12I10, 64.4324, 36.20832, -15
12, R12I10, 66.3198, 35.46329, -15
12, R12I10, 68.48037, 35.63712, -15
12, R12I10, 70.81479, 36.1338, -15
12, R12I10, 72.90087, 36.40699, -15
12, R12I10, 75.16078, 36.28281, -15
12, R12I10, 77.24686, 35.71163, -15
12, R12I10, 79.25843, 34.96661, -15
12, R12I10, 81.19551, 33.84906, -15
12, R12I10, 82.68556, 32.23484, -15
12, R12I10, 83.38091, 30.22326, -15
12, R12I10, 83.33125, 28.18685, -15
12, R12I10, 82.63588, 26.20011, -15
12, R12I10, 81.66737, 24.46171, -15
12, R12I10, 79.60611, 23.69186, -15
12, R12I10, 77.47038, 23.17035, -15
12, R12I10, 75.88098, 21.65545, -15
12, R12I10, 76.45218, 19.71838, -15
12, R12I10, 78.41405, 18.87401, -15
12, R12I10, 80.62431, 18.2035, -15
12, R12I10, 82.56139, 17.4833, -15
12, R12I10, 84.74679, 17.06112, -15
12, R12I10, 86.65904, 16.24159, -15
12, R12I10, 88.00009, 14.45352, -15
12, R12I10, 88.96861, 12.59096, -15
12, R12I10, 89.09277, 10.52972, -15
12, R12I10, 88.86929, 9.46185, -15
12, R12I10, 88.76995, 8.120795, -15
12, R12I10, 101.0877, 8.691979, -20
12, R12I10, 101.3857, 6.630742, -20
12, R12I10, 101.0381, 4.370833, -20
12, R12I10, 100.442, 2.160581, -20
12, R12I10, 99.77149, 2.484332E-02, -20
12, R12I10, 98.77812, -2.036395, -20
12, R12I10, 97.51159, -3.650619, -20
12, R12I10, 95.94704, -5.165516, -20
12, R12I10, 94.20865, -6.307885, -20
12, R12I10, 91.8494, -7.425425, -20
12, R12I10, 89.86266, -8.393966, -20
12, R12I10, 87.90075, -9.437006, -20
12, R12I10, 86.03819, -10.82772, -20
12, R12I10, 84.62261, -12.39227, -20
12, R12I10, 83.35608, -14.50318, -20
12, R12I10, 82.28822, -16.56442, -20
12, R12I10, 81.34451, -18.92368, -20
12, R12I10, 80.52497, -21.23326, -20
12, R12I10, 79.87928, -23.24483, -20
12, R12I10, 79.30811, -25.70342, -20
12, R12I10, 78.81143, -27.69016, -20
12, R12I10, 78.06641, -30.12391, -20
12, R12I10, 77.39586, -32.28449, -20
12, R12I10, 76.42732, -34.37056, -20
12, R12I10, 75.35947, -36.50631, -20
12, R12I10, 74.29158, -38.34404, -20
12, R12I10, 73.00021, -40.08244, -20
12, R12I10, 71.63433, -41.62216, -20
12, R12I10, 70.34293, -43.21155, -20
12, R12I10, 68.82806, -44.87545, -20
12, R12I10, 66.891, -46.48967, -20
12, R12I10, 65.32643, -47.95489, -20
12, R12I10, 63.36452, -49.24627, -20
12, R12I10, 61.3033, -50.63698, -20
12, R12I10, 59.5649, -51.70486, -20
12, R12I10, 57.72717, -52.74789, -20
12, R12I10, 55.61626, -53.49292, -20
12, R12I10, 53.33149, -54.26278, -20
12, R12I10, 51.22058, -55.05748, -20
12, R12I10, 49.2587, -55.40516, -20
12, R12I10, 46.97393, -55.77767, -20
12, R12I10, 44.76368, -55.97634, -20
12, R12I10, 42.35477, -56.27435, -20
12, R12I10, 39.39949, -56.7462, -20
12, R12I10, 37.18924, -56.82071, -20
12, R12I10, 34.92933, -57.34222, -20
12, R12I10, 32.84327, -58.4101, -20
12, R12I10, 30.95586, -59.2793, -20
12, R12I10, 29.06846, -60.17333, -20
12, R12I10, 27.08172, -60.74451, -20
12, R12I10, 25.04531, -61.09219, -20
12, R12I10, 22.63639, -61.14186, -20
12, R12I10, 20.64965, -60.27267, -20
12, R12I10, 18.61326, -59.10545, -20
12, R12I10, 16.42783, -58.75778, -20
12, R12I10, 14.06858, -58.73294, -20
12, R12I10, 12.00734, -58.88195, -20
12, R12I10, 10.02061, -58.90678, -20
12, R12I10, 7.586854, -58.5591, -20
12, R12I10, 5.500772, -57.36706, -20
12, R12I10, 4.010719, -55.75283, -20
12, R12I10, 2.793851, -53.96478, -20
12, R12I10, 1.949481, -52.0277, -20
12, R12I10, 1.527296, -49.51944, -20
12, R12I10, 1.204454, -47.35887, -20
12, R12I10, 1.204454, -45.14862, -20
12, R12I10, 1.328625, -43.11221, -20
12, R12I10, 1.576967, -40.95163, -20
12, R12I10, 1.999152, -38.61722, -20
12, R12I10, 2.346838, -35.91029, -20
12, R12I10, 2.694508, -33.84905, -20
12, R12I10, 3.191192, -31.73814, -20
12, R12I10, 3.71272, -29.05604, -20
12, R12I10, 4.234233, -26.82096, -20
12, R12I10, 4.283904, -24.48654, -20
12, R12I10, 2.843522, -22.64881, -20
12, R12I10, 1.080283, -20.91042, -20
12, R12I10, -0.5090986, -19.34585, -20
12, R12I10, -2.148167, -17.7068, -20
12, R12I10, -3.489206, -15.91873, -20
12, R12I10, -4.879932, -14.27968, -20
12, R12I10, -6.320314, -12.41711, -20
12, R12I10, -7.686196, -10.50488, -20
12, R12I10, -8.952736, -8.393966, -20
12, R12I10, -9.896449, -6.034714, -20
12, R12I10, -10.5918, -3.749962, -20
12, R12I10, -11.06365, -1.589381, -20
12, R12I10, -11.23749, 0.8443698, -20
12, R12I10, -11.28716, 3.004951, -20
12, R12I10, -11.31199, 5.016517, -20
12, R12I10, -11.26233, 7.35094, -20
12, R12I10, -11.08849, 9.735021, -20
12, R12I10, -10.6663, 12.14394, -20
12, R12I10, -10.02062, 14.40385, -20
12, R12I10, -9.32525, 16.39059, -20
12, R12I10, -8.431223, 18.62567, -20
12, R12I10, -7.462682, 20.93527, -20
12, R12I10, -6.543828, 22.9965, -20
12, R12I10, -5.575287, 25.15709, -20
12, R12I10, -4.606746, 27.31765, -20
12, R12I10, -3.290535, 29.08089, -20
12, R12I10, -1.552139, 30.42193, -20
12, R12I10, 0.2110849, 31.53947, -20
12, R12I10, 2.297166, 32.18517, -20
12, R12I10, 4.482575, 32.50801, -20
12, R12I10, 6.568656, 32.53284, -20
12, R12I10, 8.828565, 32.08583, -20
12, R12I10, 10.79047, 31.56431, -20
12, R12I10, 12.92621, 31.53947, -20
12, R12I10, 15.13647, 32.16032, -20
12, R12I10, 16.80035, 33.70005, -20
12, R12I10, 18.43941, 35.66196, -20
12, R12I10, 19.83012, 37.5742, -20
12, R12I10, 21.07184, 39.38709, -20
12, R12I10, 22.26388, 41.02615, -20
12, R12I10, 23.5801, 42.56587, -20
12, R12I10, 25.21915, 44.1801, -20
12, R12I10, 27.08172, 45.71982, -20
12, R12I10, 28.94429, 46.96153, -20
12, R12I10, 31.0552, 47.75623, -20
12, R12I10, 33.06676, 48.07907, -20
12, R12I10, 35.0535, 47.90523, -20
12, R12I10, 37.13958, 47.50789, -20
12, R12I10, 39.39949, 47.03603, -20
12, R12I10, 41.38623, 46.63869, -20
12, R12I10, 43.57166, 46.29101, -20
12, R12I10, 45.58322, 45.96816, -20
12, R12I10, 47.86796, 45.76949, -20
12, R12I10, 50.02855, 45.86882, -20
12, R12I10, 52.08978, 46.11716, -20
12, R12I10, 54.2752, 46.66352, -20
12, R12I10, 56.18742, 47.28437, -20
12, R12I10, 58.52185, 47.8804, -20
12, R12I10, 60.45893, 48.52608, -20
12, R12I10, 62.4705, 49.12212, -20
12, R12I10, 64.55658, 49.79263, -20
12, R12I10, 66.66749, 50.21481, -20
12, R12I10, 68.67905, 50.36383, -20
12, R12I10, 70.78996, 50.38865, -20
12, R12I10, 72.75187, 50.06581, -20
12, R12I10, 75.13596, 49.24628, -20
12, R12I10, 77.04818, 48.25291, -20
12, R12I10, 79.0846, 46.86219, -20
12, R12I10, 80.97199, 45.49631, -20
12, R12I10, 82.56139, 44.22977, -20
12, R12I10, 84.34944, 42.73972, -20
12, R12I10, 86.13753, 41.24966, -20
12, R12I10, 87.5779, 39.78444, -20
12, R12I10, 88.89412, 38.29438, -20
12, R12I10, 90.08614, 36.18347, -20
12, R12I10, 90.65734, 34.14706, -20
12, R12I10, 90.73186, 31.83748, -20
12, R12I10, 90.33449, 29.62724, -20
12, R12I10, 89.71363, 27.41699, -20
12, R12I10, 89.24181, 25.47993, -20
12, R12I10, 89.11764, 23.39384, -20
12, R12I10, 89.76332, 21.38228, -20
12, R12I10, 91.02986, 19.81773, -20
12, R12I10, 92.7186, 18.57601, -20
12, R12I10, 94.18379, 17.11079, -20
12, R12I10, 95.57453, 15.67041, -20
12, R12I10, 97.11424, 14.23002, -20
12, R12I10, 98.67881, 12.9138, -20
12, R12I10, 100.0198, 11.34925, -20
12, R12I10, 100.442, 10.40555, -20
12, R12I10, 101.0877, 8.691979, -20
12, R12I10, 92.94209, 7.922125, -25
12, R12I10, 94.15897, 6.109229, -25
12, R12I10, 94.73016, 4.19699, -25
12, R12I10, 95.02816, 2.185424, -25
12, R12I10, 95.00333, -2.482816E-02, -25
12, R12I10, 94.90399, -2.110909, -25
12, R12I10, 94.43214, -4.296319, -25
12, R12I10, 93.56293, -6.382384, -25
12, R12I10, 92.24674, -8.170452, -25
12, R12I10, 90.83117, -9.685349, -25
12, R12I10, 89.34112, -11.15056, -25
12, R12I10, 87.55306, -12.59094, -25
12, R12I10, 85.98849, -14.27968, -25
12, R12I10, 84.54813, -15.74489, -25
12, R12I10, 83.03325, -17.58263, -25
12, R12I10, 81.94054, -19.34585, -25
12, R12I10, 80.74848, -21.55611, -25
12, R12I10, 80.02828, -23.49317, -25
12, R12I10, 79.3826, -25.72825, -25
12, R12I10, 78.81143, -27.864, -25
12, R12I10, 78.41405, -29.92524, -25
12, R12I10, 77.6442, -32.40866, -25
12, R12I10, 76.84952, -34.29606, -25
12, R12I10, 76.05481, -36.23313, -25
12, R12I10, 75.03661, -38.2447, -25
12, R12I10, 73.62107, -40.03277, -25
12, R12I10, 71.95716, -41.7215, -25
12, R12I10, 70.06976, -43.18671, -25
12, R12I10, 68.33137, -44.37876, -25
12, R12I10, 66.51849, -45.5708, -25
12, R12I10, 64.38272, -46.83735, -25
12, R12I10, 62.44567, -47.93005, -25
12, R12I10, 60.63276, -48.89859, -25
12, R12I10, 58.39768, -49.84229, -25
12, R12I10, 56.3116, -50.58732, -25
12, R12I10, 54.17586, -51.40685, -25
12, R12I10, 52.23881, -52.10221, -25
12, R12I10, 49.92921, -52.74789, -25
12, R12I10, 47.71896, -53.1204, -25
12, R12I10, 45.33488, -53.54259, -25
12, R12I10, 42.97563, -53.81577, -25
12, R12I10, 40.66603, -53.81577, -25
12, R12I10, 38.55512, -53.74126, -25
12, R12I10, 36.12139, -53.76609, -25
12, R12I10, 34.13465, -53.6916, -25
12, R12I10, 31.80023, -53.44325, -25
12, R12I10, 29.68932, -53.29425, -25
12, R12I10, 27.67775, -53.17007, -25
12, R12I10, 25.51717, -52.94657, -25
12, R12I10, 23.43109, -52.69823, -25
12, R12I10, 21.32018, -52.42505, -25
12, R12I10, 19.03543, -52.10221, -25
12, R12I10, 16.92452, -51.63035, -25
12, R12I10, 14.76395, -51.13367, -25
12, R12I10, 12.52887, -50.23964, -25
12, R12I10, 10.69113, -48.97309, -25
12, R12I10, 8.729222, -47.48304, -25
12, R12I10, 7.040497, -45.94331, -25
12, R12I10, 5.475944, -43.95657, -25
12, R12I10, 4.259061, -42.29269, -25
12, R12I10, 3.067021, -40.45495, -25
12, R12I10, 2.073652, -38.59238, -25
12, R12I10, 1.179626, -36.50631, -25
12, R12I10, 0.7822691, -34.29606, -25
12, R12I10, 0.2855845, -32.13548, -25
12, R12I10, 6.208557E-02, -29.92524, -25
12, R12I10, 0.1862567, -27.83916, -25
12, R12I10, 0.4842705, -25.77793, -25
12, R12I10, 0.7077694, -23.61734, -25
12, R12I10, 0.7574409, -21.4071, -25
12, R12I10, -6.208557E-02, -19.42036, -25
12, R12I10, -1.47764, -17.80614, -25
12, R12I10, -3.067036, -16.34092, -25
12, R12I10, -4.55709, -14.99986, -25
12, R12I10, -6.270642, -13.41048, -25
12, R12I10, -7.661368, -11.89559, -25
12, R12I10, -9.275593, -10.3807, -25
12, R12I10, -10.84015, -9.014822, -25
12, R12I10, -12.60337, -7.673767, -25
12, R12I10, -14.34177, -6.382384, -25
12, R12I10, -16.37818, -5.115845, -25
12, R12I10, -18.0669, -4.047976, -25
12, R12I10, -19.97914, -2.756593, -25
12, R12I10, -21.46919, -1.341039, -25
12, R12I10, -21.94105, 0.5960276, -25
12, R12I10, -22.06522, 2.582766, -25
12, R12I10, -21.89138, 4.793018, -25
12, R12I10, -21.34502, 6.779756, -25
12, R12I10, -20.05364, 9.014836, -25
12, R12I10, -18.68776, 10.70356, -25
12, R12I10, -17.37155, 12.6903, -25
12, R12I10, -16.00566, 14.72671, -25
12, R12I10, -14.71428, 16.44026, -25
12, R12I10, -13.3484, 17.97999, -25
12, R12I10, -11.95769, 19.79288, -25
12, R12I10, -10.71597, 21.90379, -25
12, R12I10, -9.648107, 23.89053, -25
12, R12I10, -8.456052, 26.00144, -25
12, R12I10, -7.239183, 27.78951, -25
12, R12I10, -6.121643, 29.4534, -25
12, R12I10, -5.128274, 31.31597, -25
12, R12I10, -4.010734, 33.22821, -25
12, R12I10, -2.644851, 35.31427, -25
12, R12I10, -1.47764, 37.05267, -25
12, R12I10, -0.2111, 38.6669, -25
12, R12I10, 1.378297, 39.9831, -25
12, R12I10, 3.340207, 41.07582, -25
12, R12I10, 5.202774, 42.06919, -25
12, R12I10, 7.164669, 43.21156, -25
12, R12I10, 9.151407, 44.45327, -25
12, R12I10, 10.98915, 45.57081, -25
12, R12I10, 12.7027, 46.58902, -25
12, R12I10, 14.51561, 47.63206, -25
12, R12I10, 16.67617, 48.72476, -25
12, R12I10, 18.61326, 49.66846, -25
12, R12I10, 20.40131, 50.76117, -25
12, R12I10, 22.28872, 52.15188, -25
12, R12I10, 23.97744, 53.71645, -25
12, R12I10, 25.69101, 54.73464, -25
12, R12I10, 27.72741, 55.60384, -25
12, R12I10, 29.66449, 56.19987, -25
12, R12I10, 31.8499, 56.57238, -25
12, R12I10, 34.13465, 56.64688, -25
12, R12I10, 36.32004, 56.62204, -25
12, R12I10, 38.35647, 56.32404, -25
12, R12I10, 40.31838, 55.57901, -25
12, R12I10, 42.28026, 54.83399, -25
12, R12I10, 44.19251, 54.08896, -25
12, R12I10, 46.10473, 52.97142, -25
12, R12I10, 47.69413, 51.68004, -25
12, R12I10, 49.08484, 50.16514, -25
12, R12I10, 50.52524, 48.42674, -25
12, R12I10, 51.96561, 46.76286, -25
12, R12I10, 53.43083, 45.02447, -25
12, R12I10, 54.97057, 43.41024, -25
12, R12I10, 56.46062, 42.01952, -25
12, R12I10, 58.04999, 40.52946, -25
12, R12I10, 59.5649, 39.13875, -25
12, R12I10, 61.20396, 37.7977, -25
12, R12I10, 62.99201, 36.53116, -25
12, R12I10, 64.82975, 35.38877, -25
12, R12I10, 66.71714, 34.54442, -25
12, R12I10, 68.50523, 33.62555, -25
12, R12I10, 70.4671, 32.58251, -25
12, R12I10, 72.18067, 31.53947, -25
12, R12I10, 73.99358, 30.34743, -25
12, R12I10, 75.73198, 29.20506, -25
12, R12I10, 77.59454, 27.93851, -25
12, R12I10, 79.2336, 26.69679, -25
12, R12I10, 80.79817, 25.38058, -25
12, R12I10, 82.33788, 23.89053, -25
12, R12I10, 84.07627, 22.30115, -25
12, R12I10, 85.64085, 20.96009, -25
12, R12I10, 87.20538, 19.3707, -25
12, R12I10, 88.52161, 17.45847, -25
12, R12I10, 89.66398, 15.59591, -25
12, R12I10, 90.88086, 13.83267, -25
12, R12I10, 91.97357, 11.92043, -25
12, R12I10, 92.94209, 9.983362, -25
12, R12I10, 93.1656, 9.561177, -25
12, R12I10, 92.94209, 7.922125, -25
12, R12I10, 83.60442, 8.170467, -30
12, R12I10, 84.92065, 6.630742, -30
12, R12I10, 85.96367, 4.892346, -30
12, R12I10, 87.03156, 3.203621, -30
12, R12I10, 87.90075, 1.092712, -30
12, R12I10, 88.32292, -1.018197, -30
12, R12I10, 88.34775, -3.178778, -30
12, R12I10, 88.24844, -5.389015, -30
12, R12I10, 87.70206, -7.673767, -30
12, R12I10, 86.68387, -9.735005, -30
12, R12I10, 85.78984, -11.77141, -30
12, R12I10, 84.89581, -13.73333, -30
12, R12I10, 83.87759, -15.52139, -30
12, R12I10, 82.85939, -17.33429, -30
12, R12I10, 81.74185, -19.56937, -30
12, R12I10, 80.674, -21.50644, -30
12, R12I10, 79.50677, -23.49317, -30
12, R12I10, 78.53823, -25.30607, -30
12, R12I10, 77.24686, -27.51632, -30
12, R12I10, 76.05481, -29.52789, -30
12, R12I10, 74.98695, -31.31595, -30
12, R12I10, 73.72041, -33.20336, -30
12, R12I10, 72.50353, -34.79275, -30
12, R12I10, 71.06313, -36.68015, -30
12, R12I10, 69.59791, -38.34404, -30
12, R12I10, 68.18237, -39.78443, -30
12, R12I10, 66.27014, -41.59732, -30
12, R12I10, 64.80492, -43.06254, -30
12, R12I10, 63.11618, -44.6271, -30
12, R12I10, 61.62613, -46.16682, -30
12, R12I10, 59.58973, -47.3092, -30
12, R12I10, 57.42913, -47.80588, -30
12, R12I10, 55.2934, -47.80588, -30
12, R12I10, 53.257, -47.25953, -30
12, R12I10, 51.34475, -46.19165, -30
12, R12I10, 49.60635, -45.19829, -30
12, R12I10, 47.69413, -44.20492, -30
12, R12I10, 45.63288, -43.58406, -30
12, R12I10, 43.62131, -43.21155, -30
12, R12I10, 41.5104, -43.01288, -30
12, R12I10, 39.02698, -42.8142, -30
12, R12I10, 36.41938, -42.59069, -30
12, R12I10, 34.10981, -42.54103, -30
12, R12I10, 31.75055, -42.49136, -30
12, R12I10, 29.34163, -42.44168, -30
12, R12I10, 27.35489, -42.44168, -30
12, R12I10, 24.97081, -42.34235, -30
12, R12I10, 22.61156, -42.16851, -30
12, R12I10, 20.30198, -41.8705, -30
12, R12I10, 17.9924, -41.52282, -30
12, R12I10, 16.08016, -40.97647, -30
12, R12I10, 14.09342, -40.30595, -30
12, R12I10, 12.20601, -39.56092, -30
12, R12I10, 10.26895, -38.8159, -30
12, R12I10, 8.48088, -37.84735, -30
12, R12I10, 6.792155, -36.25797, -30
12, R12I10, 5.475944, -34.49473, -30
12, R12I10, 4.234233, -32.68184, -30
12, R12I10, 3.191192, -30.74477, -30
12, R12I10, 2.719351, -28.23651, -30
12, R12I10, 2.371666, -26.15044, -30
12, R12I10, 2.048824, -24.13886, -30
12, R12I10, 1.75081, -21.63061, -30
12, R12I10, 1.328625, -19.19686, -30
12, R12I10, 0.8816121, -17.01145, -30
12, R12I10, 0.434599, -14.95019, -30
12, R12I10, -0.1862567, -12.88896, -30
12, R12I10, -0.6084416, -10.90222, -30
12, R12I10, -1.254125, -8.989978, -30
12, R12I10, -2.297166, -7.102583, -30
12, R12I10, -3.340207, -5.190344, -30
12, R12I10, -4.184577, -3.129107, -30
12, R12I10, -5.649787, -1.738396, -30
12, R12I10, -7.487525, -0.670512, -30
12, R12I10, -9.374921, -4.965633E-02, -30
12, R12I10, -11.73417, 7.451481E-02, -30
12, R12I10, -13.72091, 4.967149E-02, -30
12, R12I10, -15.88149, -7.449965E-02, -30
12, R12I10, -18.21592, -0.3476701, -30
12, R12I10, -20.57517, -0.5463409, -30
12, R12I10, -22.66123, -0.2483423, -30
12, R12I10, -24.25063, 1.365883, -30
12, R12I10, -25.02048, 3.203621, -30
12, R12I10, -25.11983, 5.413874, -30
12, R12I10, -24.77214, 7.375769, -30
12, R12I10, -23.97744, 9.362507, -30
12, R12I10, -22.66123, 11.34925, -30
12, R12I10, -21.14635, 13.11248, -30
12, R12I10, -19.70597, 14.92538, -30
12, R12I10, -18.34009, 16.58928, -30
12, R12I10, -16.77552, 18.32767, -30
12, R12I10, -15.45931, 19.84255, -30
12, R12I10, -14.16792, 21.43195, -30
12, R12I10, -12.67787, 23.17035, -30
12, R12I10, -11.36166, 25.00807, -30
12, R12I10, -10.39313, 26.96998, -30
12, R12I10, -10.09512, 29.03122, -30
12, R12I10, -10.24412, 31.06763, -30
12, R12I10, -10.69113, 33.25304, -30
12, R12I10, -10.88982, 35.38877, -30
12, R12I10, -10.56696, 37.47486, -30
12, R12I10, -9.374921, 39.73476, -30
12, R12I10, -7.636525, 41.07582, -30
12, R12I10, -5.500787, 41.69667, -30
12, R12I10, -3.315378, 41.89534, -30
12, R12I10, -1.254125, 41.69667, -30
12, R12I10, 0.7077694, 41.19999, -30
12, R12I10, 2.545508, 40.43013, -30
12, R12I10, 4.581918, 40.30596, -30
12, R12I10, 6.494142, 40.97647, -30
12, R12I10, 8.158038, 42.2927, -30
12, R12I10, 9.797106, 43.80758, -30
12, R12I10, 11.31199, 45.37214, -30
12, R12I10, 13.07521, 47.16021, -30
12, R12I10, 14.68944, 48.65026, -30
12, R12I10, 16.17949, 49.96647, -30
12, R12I10, 18.09173, 51.48137, -30
12, R12I10, 20.00397, 52.79758, -30
12, R12I10, 21.71754, 53.86544, -30
12, R12I10, 23.62976, 54.80914, -30
12, R12I10, 25.49232, 55.55417, -30
12, R12I10, 27.42941, 56.02603, -30
12, R12I10, 29.73899, 56.2247, -30
12, R12I10, 31.8499, 55.92669, -30
12, R12I10, 33.98563, 55.33067, -30
12, R12I10, 36.17104, 54.43663, -30
12, R12I10, 38.10812, 53.39359, -30
12, R12I10, 40.11969, 52.12705, -30
12, R12I10, 41.80843, 50.61217, -30
12, R12I10, 43.29848, 49.17177, -30
12, R12I10, 44.8382, 47.83073, -30
12, R12I10, 46.40276, 46.21651, -30
12, R12I10, 47.91764, 44.47811, -30
12, R12I10, 49.35801, 42.91356, -30
12, R12I10, 50.94741, 41.54768, -30
12, R12I10, 52.63615, 40.00795, -30
12, R12I10, 54.37455, 38.74139, -30
12, R12I10, 56.11294, 37.42518, -30
12, R12I10, 58.04999, 36.55598, -30
12, R12I10, 60.23542, 35.8358, -30
12, R12I10, 62.29667, 35.09077, -30
12, R12I10, 64.25854, 34.42025, -30
12, R12I10, 66.24529, 33.67522, -30
12, R12I10, 68.2072, 32.73153, -30
12, R12I10, 69.39925, 30.81929, -30
12, R12I10, 70.09459, 28.88222, -30
12, R12I10, 71.03831, 26.79614, -30
12, R12I10, 71.55981, 24.63556, -30
12, R12I10, 72.50353, 22.67366, -30
12, R12I10, 73.81973, 20.86075, -30
12, R12I10, 75.21046, 19.34587, -30
12, R12I10, 76.72535, 18.00481, -30
12, R12I10, 78.3644, 16.48993, -30
12, R12I10, 79.8048, 14.87571, -30
12, R12I10, 80.97199, 13.18698, -30
12, R12I10, 82.11436, 11.54792, -30
12, R12I10, 83.00839, 10.00821, -30
12, R12I10, 83.60442, 8.170467, -30
12, R12I10, 90.63251, 6.854256, -35
12, R12I10, 91.40237, 4.867517, -35
12, R12I10, 91.60106, 2.632437, -35
12, R12I10, 91.00503, 0.2980138, -35
12, R12I10, 90.08614, -1.53971, -35
12, R12I10, 89.19212, -3.377449, -35
12, R12I10, 88.24844, -5.240016, -35
12, R12I10, 87.15572, -7.028083, -35
12, R12I10, 86.16235, -8.766479, -35
12, R12I10, 85.31799, -10.62905, -35
12, R12I10, 84.42396, -12.78963, -35
12, R12I10, 83.55476, -14.82602, -35
12, R12I10, 82.66074, -17.21012, -35
12, R12I10, 81.76668, -19.4452, -35
12, R12I10, 80.89748, -21.35743, -35
12, R12I10, 79.70546, -23.2945, -35
12, R12I10, 78.33958, -25.30607, -35
12, R12I10, 77.07304, -27.04446, -35
12, R12I10, 75.78164, -28.60903, -35
12, R12I10, 74.31641, -30.49643, -35
12, R12I10, 72.7767, -32.20999, -35
12, R12I10, 71.26182, -33.55104, -35
12, R12I10, 69.42408, -34.71825, -35
12, R12I10, 67.51186, -35.53777, -35
12, R12I10, 65.52512, -36.18346, -35
12, R12I10, 63.46387, -36.50631, -35
12, R12I10, 61.25361, -36.45664, -35
12, R12I10, 59.24205, -36.03446, -35
12, R12I10, 57.08148, -36.23313, -35
12, R12I10, 54.82154, -36.72981, -35
12, R12I10, 52.85966, -37.72318, -35
12, R12I10, 51.24544, -38.96489, -35
12, R12I10, 49.7057, -40.28111, -35
12, R12I10, 47.84313, -41.37382, -35
12, R12I10, 45.90608, -42.11884, -35
12, R12I10, 43.91934, -42.6652, -35
12, R12I10, 41.58492, -42.88871, -35
12, R12I10, 39.39949, -42.71486, -35
12, R12I10, 37.18924, -42.36719, -35
12, R12I10, 35.0535, -41.92017, -35
12, R12I10, 32.96744, -41.74633, -35
12, R12I10, 30.78203, -41.7215, -35
12, R12I10, 28.39793, -41.84566, -35
12, R12I10, 25.91451, -41.99467, -35
12, R12I10, 23.5801, -42.16851, -35
12, R12I10, 21.19601, -42.41686, -35
12, R12I10, 19.13477, -42.54103, -35
12, R12I10, 16.92452, -42.64037, -35
12, R12I10, 14.83845, -42.51619, -35
12, R12I10, 12.6282, -42.21818, -35
12, R12I10, 10.64146, -41.12547, -35
12, R12I10, 8.853393, -39.73476, -35
12, R12I10, 7.413011, -37.92186, -35
12, R12I10, 6.568656, -35.98479, -35
12, R12I10, 5.898129, -33.74971, -35
12, R12I10, 5.326945, -31.46496, -35
12, R12I10, 4.929588, -29.32922, -35
12, R12I10, 4.408075, -27.29281, -35
12, R12I10, 3.936219, -25.28124, -35
12, R12I10, 3.514034, -23.31933, -35
12, R12I10, 2.918022, -21.15876, -35
12, R12I10, 2.098495, -19.09751, -35
12, R12I10, 1.278954, -17.11077, -35
12, R12I10, 0.2855845, -15.07436, -35
12, R12I10, -0.5587701, -13.11247, -35
12, R12I10, -1.576982, -11.05123, -35
12, R12I10, -2.570352, -9.312836, -35
12, R12I10, -3.936234, -7.499925, -35
12, R12I10, -5.500787, -5.860872, -35
12, R12I10, -6.965998, -4.494989, -35
12, R12I10, -8.530566, -3.22845, -35
12, R12I10, -10.36829, -1.937067, -35
12, R12I10, -12.3302, -0.4966846, -35
12, R12I10, -14.11827, 0.7201987, -35
12, R12I10, -16.00566, 2.160581, -35
12, R12I10, -17.49572, 3.799649, -35
12, R12I10, -18.43941, 5.662216, -35
12, R12I10, -18.9361, 7.822782, -35
12, R12I10, -18.66293, 9.884035, -35
12, R12I10, -17.64472, 11.69693, -35
12, R12I10, -16.403, 13.26148, -35
12, R12I10, -14.66461, 14.23002, -35
12, R12I10, -12.67787, 15.02471, -35
12, R12I10, -10.88982, 15.94358, -35
12, R12I10, -8.803737, 17.18529, -35
12, R12I10, -7.015669, 18.37733, -35
12, R12I10, -5.326945, 19.64388, -35
12, R12I10, -3.663049, 21.05944, -35
12, R12I10, -2.297166, 22.57432, -35
12, R12I10, -1.353468, 24.46171, -35
12, R12I10, -1.67631, 26.59747, -35
12, R12I10, -2.446181, 28.63388, -35
12, R12I10, -3.365035, 30.52127, -35
12, R12I10, -4.383247, 32.45834, -35
12, R12I10, -5.426288, 34.34575, -35
12, R12I10, -6.394814, 36.23314, -35
12, R12I10, -6.816998, 38.26955, -35
12, R12I10, -6.469313, 40.33079, -35
12, R12I10, -5.128274, 41.84567, -35
12, R12I10, -2.843522, 41.87052, -35
12, R12I10, -0.6332698, 41.39866, -35
12, R12I10, 1.601811, 40.72813, -35
12, R12I10, 3.563706, 40.13212, -35
12, R12I10, 5.500772, 39.51126, -35
12, R12I10, 7.611681, 38.74139, -35
12, R12I10, 9.747435, 38.26955, -35
12, R12I10, 11.78384, 38.34406, -35
12, R12I10, 13.72091, 39.21325, -35
12, R12I10, 15.48413, 40.30596, -35
12, R12I10, 17.17286, 41.54768, -35
12, R12I10, 18.9361, 42.69004, -35
12, R12I10, 20.35165, 44.15527, -35
12, R12I10, 22.01553, 45.96816, -35
12, R12I10, 23.45593, 47.43338, -35
12, R12I10, 25.04531, 48.9731, -35
12, R12I10, 26.46087, 50.73634, -35
12, R12I10, 28.05026, 52.25122, -35
12, R12I10, 29.73899, 53.59227, -35
12, R12I10, 31.70088, 54.61047, -35
12, R12I10, 33.93596, 55.2065, -35
12, R12I10, 36.29522, 55.15683, -35
12, R12I10, 38.65446, 54.75947, -35
12, R12I10, 40.96406, 54.08896, -35
12, R12I10, 43.0998, 53.09559, -35
12, R12I10, 44.81337, 52.02771, -35
12, R12I10, 46.92427, 50.68667, -35
12, R12I10, 48.71233, 49.24628, -35
12, R12I10, 50.45073, 47.80589, -35
12, R12I10, 52.16429, 46.16684, -35
12, R12I10, 53.50535, 44.65195, -35
12, R12I10, 54.8464, 42.98806, -35
12, R12I10, 56.26194, 41.32416, -35
12, R12I10, 57.57817, 39.70993, -35
12, R12I10, 58.96888, 38.14538, -35
12, R12I10, 60.48376, 36.72983, -35
12, R12I10, 62.19733, 35.28945, -35
12, R12I10, 63.78672, 33.94839, -35
12, R12I10, 65.37609, 32.50801, -35
12, R12I10, 67.06483, 31.1173, -35
12, R12I10, 68.70388, 29.75142, -35
12, R12I10, 70.31811, 28.53453, -35
12, R12I10, 72.0565, 27.19348, -35
12, R12I10, 73.74524, 25.95177, -35
12, R12I10, 75.43395, 24.71006, -35
12, R12I10, 77.04818, 23.41869, -35
12, R12I10, 78.6624, 22.17698, -35
12, R12I10, 80.05314, 20.73658, -35
12, R12I10, 81.36934, 19.19687, -35
12, R12I10, 82.88422, 17.4833, -35
12, R12I10, 84.37428, 16.16709, -35
12, R12I10, 85.8395, 14.77637, -35
12, R12I10, 87.37924, 13.28631, -35
12, R12I10, 88.76995, 11.62243, -35
12, R12I10, 90.03649, 9.784692, -35
12, R12I10, 90.68217, 8.567808, -35
12, R12I10, 90.63251, 6.854256, -35
12, R12I10, 85.5415, 8.021467, -40
12, R12I10, 86.11267, 5.935387, -40
12, R12I10, 86.06301, 3.948648, -40
12, R12I10, 85.78984, 1.788067, -40
12, R12I10, 84.57296, -0.1241711, -40
12, R12I10, 83.25673, -1.713553, -40
12, R12I10, 81.86602, -3.774791, -40
12, R12I10, 80.79817, -5.711872, -40
12, R12I10, 79.77994, -7.549596, -40
12, R12I10, 78.6624, -9.80952, -40
12, R12I10, 77.79321, -11.72174, -40
12, R12I10, 77.07304, -13.58431, -40
12, R12I10, 76.25349, -15.54622, -40
12, R12I10, 75.33464, -17.83097, -40
12, R12I10, 74.31641, -19.94188, -40
12, R12I10, 73.12439, -21.95345, -40
12, R12I10, 71.83298, -23.94019, -40
12, R12I10, 70.41745, -25.95176, -40
12, R12I10, 68.97705, -27.64049, -40
12, R12I10, 67.13934, -29.32922, -40
12, R12I10, 65.32643, -30.7696, -40
12, R12I10, 63.43904, -32.01131, -40
12, R12I10, 61.50196, -32.97985, -40
12, R12I10, 59.36622, -33.84905, -40
12, R12I10, 57.10631, -34.66858, -40
12, R12I10, 54.74706, -35.31427, -40
12, R12I10, 52.46229, -35.51294, -40
12, R12I10, 50.40107, -35.16526, -40
12, R12I10, 47.99213, -34.99142, -40
12, R12I10, 45.48388, -34.89208, -40
12, R12I10, 43.49714, -34.56924, -40
12, R12I10, 41.31175, -34.19673, -40
12, R12I10, 39.00215, -33.72488, -40
12, R12I10, 36.9409, -33.12885, -40
12, R12I10, 34.87968, -32.657, -40
12, R12I10, 32.94259, -32.16032, -40
12, R12I10, 30.93103, -31.83747, -40
12, R12I10, 28.79529, -31.68847, -40
12, R12I10, 26.75888, -31.6388, -40
12, R12I10, 24.4493, -31.7133, -40
12, R12I10, 22.33839, -32.01131, -40
12, R12I10, 20.05364, -32.18515, -40
12, R12I10, 17.96756, -32.18515, -40
12, R12I10, 15.98082, -32.06098, -40
12, R12I10, 13.96925, -31.34079, -40
12, R12I10, 11.80867, -30.27291, -40
12, R12I10, 9.995776, -29.00637, -40
12, R12I10, 8.605051, -27.34248, -40
12, R12I10, 7.562026, -25.20673, -40
12, R12I10, 6.568656, -22.99649, -40
12, R12I10, 5.600115, -21.20842, -40
12, R12I10, 4.408075, -19.14718, -40
12, R12I10, 3.191192, -17.33429, -40
12, R12I10, 1.924653, -15.52139, -40
12, R12I10, 0.7077694, -13.90717, -40
12, R12I10, -0.8567839, -12.16877, -40
12, R12I10, -2.669679, -10.65387, -40
12, R12I10, -4.507418, -9.263164, -40
12, R12I10, -6.494156, -7.77311, -40
12, R12I10, -8.05871, -6.233385, -40
12, R12I10, -9.424592, -4.668832, -40
12, R12I10, -10.93947, -2.632422, -40
12, R12I10, -12.08186, -0.7201835, -40
12, R12I10, -12.65304, 1.365883, -40
12, R12I10, -13.10005, 3.377464, -40
12, R12I10, -13.00073, 5.488373, -40
12, R12I10, -12.62821, 7.524783, -40
12, R12I10, -12.00736, 9.610849, -40
12, R12I10, -11.18782, 11.42374, -40
12, R12I10, -10.11995, 13.28631, -40
12, R12I10, -8.580222, 15.09922, -40
12, R12I10, -6.990841, 16.5396, -40
12, R12I10, -5.401444, 17.83099, -40
12, R12I10, -3.71272, 19.09753, -40
12, R12I10, -1.949496, 20.41374, -40
12, R12I10, -0.8567839, 22.40048, -40
12, R12I10, -1.850153, 24.48656, -40
12, R12I10, -2.942865, 26.34912, -40
12, R12I10, -3.836891, 28.48486, -40
12, R12I10, -3.98589, 30.49644, -40
12, R12I10, -2.942865, 32.48318, -40
12, R12I10, -2.048824, 34.34575, -40
12, R12I10, -2.843522, 36.53116, -40
12, R12I10, -3.812063, 38.64207, -40
12, R12I10, -4.383247, 40.75298, -40
12, R12I10, -3.911391, 42.81421, -40
12, R12I10, -2.545508, 44.62711, -40
12, R12I10, -0.7574409, 46.06749, -40
12, R12I10, 1.254125, 47.20988, -40
12, R12I10, 3.389863, 47.97973, -40
12, R12I10, 5.724287, 47.97973, -40
12, R12I10, 8.05871, 47.0857, -40
12, R12I10, 9.946105, 46.11716, -40
12, R12I10, 11.73417, 44.9003, -40
12, R12I10, 13.52224, 43.65858, -40
12, R12I10, 15.18612, 42.41687, -40
12, R12I10, 16.94936, 41.4235, -40
12, R12I10, 19.0106, 41.02615, -40
12, R12I10, 21.12151, 41.5725, -40
12, R12I10, 22.83508, 42.76454, -40
12, R12I10, 24.32513, 44.30427, -40
12, R12I10, 25.93935, 45.67015, -40
12, R12I10, 28.17443, 46.24133, -40
12, R12I10, 30.55851, 46.21651, -40
12, R12I10, 32.74392, 46.36551, -40
12, R12I10, 34.53199, 47.28437, -40
12, R12I10, 36.29522, 48.8241, -40
12, R12I10, 37.71078, 50.41348, -40
12, R12I10, 39.32501, 52.05255, -40
12, R12I10, 41.2124, 53.5426, -40
12, R12I10, 43.2488, 54.21313, -40
12, R12I10, 45.5584, 53.93995, -40
12, R12I10, 47.61962, 53.24459, -40
12, R12I10, 49.45736, 52.10222, -40
12, R12I10, 50.92258, 50.51283, -40
12, R12I10, 52.43746, 48.9731, -40
12, R12I10, 53.85303, 47.0857, -40
12, R12I10, 55.04506, 44.9003, -40
12, R12I10, 56.26194, 42.83904, -40
12, R12I10, 57.35465, 41.15032, -40
12, R12I10, 58.37285, 39.28775, -40
12, R12I10, 59.41587, 37.17684, -40
12, R12I10, 60.50859, 35.0411, -40
12, R12I10, 61.6013, 32.93019, -40
12, R12I10, 62.59467, 31.04278, -40
12, R12I10, 63.58804, 29.25473, -40
12, R12I10, 65.22709, 27.69016, -40
12, R12I10, 66.76683, 26.32428, -40
12, R12I10, 68.48037, 24.9584, -40
12, R12I10, 70.16911, 23.46835, -40
12, R12I10, 71.9075, 21.92863, -40
12, R12I10, 73.52173, 20.51308, -40
12, R12I10, 75.11112, 19.2217, -40
12, R12I10, 76.72535, 17.75647, -40
12, R12I10, 78.48857, 16.34093, -40
12, R12I10, 80.12762, 14.80121, -40
12, R12I10, 81.44386, 13.23666, -40
12, R12I10, 82.76005, 11.57276, -40
12, R12I10, 84.15079, 10.08271, -40
12, R12I10, 84.74679, 9.46185, -40
12, R12I10, 85.5415, 8.021467, -40
12, R12I10, 82.48688, 7.773125, -45
12, R12I10, 83.03325, 5.587701, -45
12, R12I10, 83.20708, 3.551307, -45
12, R12I10, 83.33125, 1.514897, -45
12, R12I10, 83.05807, -0.670512, -45
12, R12I10, 82.46205, -2.65725, -45
12, R12I10, 81.79153, -4.61916, -45
12, R12I10, 81.19551, -6.58107, -45
12, R12I10, 80.40079, -8.667136, -45
12, R12I10, 79.50677, -10.50488, -45
12, R12I10, 78.56309, -12.54128, -45
12, R12I10, 77.56972, -14.47835, -45
12, R12I10, 76.42732, -16.61409, -45
12, R12I10, 75.40913, -18.60083, -45
12, R12I10, 74.34127, -20.56274, -45
12, R12I10, 73.12439, -22.2763, -45
12, R12I10, 71.80816, -24.03953, -45
12, R12I10, 70.56645, -25.67858, -45
12, R12I10, 68.87774, -27.19347, -45
12, R12I10, 67.21383, -28.31101, -45
12, R12I10, 65.42577, -29.27954, -45
12, R12I10, 63.53838, -29.99974, -45
12, R12I10, 61.57647, -30.32259, -45
12, R12I10, 59.54005, -30.32259, -45
12, R12I10, 57.32982, -29.85074, -45
12, R12I10, 55.24374, -28.7332, -45
12, R12I10, 53.15766, -27.78949, -45
12, R12I10, 51.22058, -27.11897, -45
12, R12I10, 49.10967, -26.74646, -45
12, R12I10, 46.92427, -27.04446, -45
12, R12I10, 45.13619, -27.91366, -45
12, R12I10, 43.37297, -29.13055, -45
12, R12I10, 41.48557, -30.32259, -45
12, R12I10, 39.62301, -31.26628, -45
12, R12I10, 37.58661, -31.7133, -45
12, R12I10, 35.6247, -31.24146, -45
12, R12I10, 33.33995, -30.52126, -45
12, R12I10, 31.27871, -29.77623, -45
12, R12I10, 29.3168, -29.30438, -45
12, R12I10, 27.25557, -29.08087, -45
12, R12I10, 25.26883, -28.93187, -45
12, R12I10, 23.13307, -28.98154, -45
12, R12I10, 21.07184, -29.00637, -45
12, R12I10, 19.0851, -28.63386, -45
12, R12I10, 17.32187, -27.61566, -45
12, R12I10, 15.31029, -26.57262, -45
12, R12I10, 13.39807, -25.57925, -45
12, R12I10, 11.28716, -25.13223, -45
12, R12I10, 9.275578, -25.1074, -45
12, R12I10, 7.239168, -24.66039, -45
12, R12I10, 5.947801, -22.82265, -45
12, R12I10, 6.121628, -20.71174, -45
12, R12I10, 6.36997, -18.40216, -45
12, R12I10, 6.469313, -16.1919, -45
12, R12I10, 6.0223, -14.08099, -45
12, R12I10, 4.954432, -12.31777, -45
12, R12I10, 3.489206, -10.4552, -45
12, R12I10, 1.874981, -8.518137, -45
12, R12I10, 0.5339268, -6.928741, -45
12, R12I10, -1.32864, -5.488358, -45
12, R12I10, -3.141536, -4.668832, -45
12, R12I10, -5.053774, -3.526448, -45
12, R12I10, -6.121643, -1.514882, -45
12, R12I10, -6.345142, 0.7698702, -45
12, R12I10, -6.419657, 2.88078, -45
12, R12I10, -6.369986, 4.966846, -45
12, R12I10, -6.295486, 6.953584, -45
12, R12I10, -6.171315, 8.989993, -45
12, R12I10, -5.922972, 11.29957, -45
12, R12I10, -5.600115, 13.43533, -45
12, R12I10, -4.929603, 15.76973, -45
12, R12I10, -4.085234, 17.70682, -45
12, R12I10, -3.265707, 19.54454, -45
12, R12I10, -2.346838, 21.68029, -45
12, R12I10, -1.254125, 23.64219, -45
12, R12I10, -0.2111, 25.70343, -45
12, R12I10, 0.7822691, 27.49149, -45
12, R12I10, 2.02398, 29.40373, -45
12, R12I10, 3.464378, 31.2663, -45
12, R12I10, 4.855088, 32.85569, -45
12, R12I10, 6.220971, 34.37058, -45
12, R12I10, 7.884867, 36.1338, -45
12, R12I10, 9.648091, 37.8722, -45
12, R12I10, 11.43616, 39.43676, -45
12, R12I10, 13.29873, 40.80265, -45
12, R12I10, 15.11162, 42.16853, -45
12, R12I10, 16.87486, 43.53441, -45
12, R12I10, 18.83676, 44.99962, -45
12, R12I10, 20.97251, 46.53935, -45
12, R12I10, 22.83508, 47.60722, -45
12, R12I10, 24.64797, 48.52608, -45
12, R12I10, 26.90788, 49.94164, -45
12, R12I10, 29.04363, 50.83567, -45
12, R12I10, 31.25387, 51.65519, -45
12, R12I10, 33.19094, 52.27605, -45
12, R12I10, 35.42602, 52.82241, -45
12, R12I10, 37.6611, 53.07075, -45
12, R12I10, 39.77201, 53.41843, -45
12, R12I10, 41.9326, 53.6916, -45
12, R12I10, 44.29185, 53.81577, -45
12, R12I10, 46.30342, 53.5426, -45
12, R12I10, 48.16599, 52.40022, -45
12, R12I10, 49.8547, 51.30752, -45
12, R12I10, 51.61795, 49.79263, -45
12, R12I10, 53.30666, 48.27774, -45
12, R12I10, 55.02023, 46.68835, -45
12, R12I10, 56.33645, 45.1983, -45
12, R12I10, 57.75199, 43.58407, -45
12, R12I10, 59.09305, 41.87052, -45
12, R12I10, 60.38441, 39.88378, -45
12, R12I10, 61.40261, 38.17021, -45
12, R12I10, 62.49532, 36.38214, -45
12, R12I10, 63.66255, 34.59409, -45
12, R12I10, 64.60623, 32.68185, -45
12, R12I10, 65.79829, 30.91861, -45
12, R12I10, 66.99031, 29.30439, -45
12, R12I10, 68.38106, 27.34249, -45
12, R12I10, 69.59791, 25.35575, -45
12, R12I10, 70.66579, 23.31935, -45
12, R12I10, 71.68399, 21.55612, -45
12, R12I10, 72.82635, 19.69355, -45
12, R12I10, 73.7949, 17.88064, -45
12, R12I10, 75.16078, 15.81941, -45
12, R12I10, 76.45218, 14.30452, -45
12, R12I10, 77.84289, 12.86414, -45
12, R12I10, 79.63094, 11.29957, -45
12, R12I10, 81.14582, 9.958534, -45
12, R12I10, 81.86602, 9.014836, -45
12, R12I10, 82.48688, 7.773125, -45
12, R12I10, 78.3644, 8.791323, -50
12, R12I10, 79.05978, 6.879084, -50
12, R12I10, 79.18394, 4.768175, -50
12, R12I10, 79.20877, 2.533094, -50
12, R12I10, 79.18394, 0.5215279, -50
12, R12I10, 79.15909, -1.788052, -50
12, R12I10, 78.76174, -3.749962, -50
12, R12I10, 78.19057, -5.711872, -50
12, R12I10, 77.32137, -7.524768, -50
12, R12I10, 75.6823, -8.816151, -50
12, R12I10, 73.81973, -9.88402, -50
12, R12I10, 71.68399, -10.3062, -50
12, R12I10, 69.62276, -10.15719, -50
12, R12I10, 67.46217, -9.88402, -50
12, R12I10, 65.35126, -9.486663, -50
12, R12I10, 63.11618, -9.685349, -50
12, R12I10, 61.12944, -10.3807, -50
12, R12I10, 59.21722, -11.37407, -50
12, R12I10, 57.62782, -12.59094, -50
12, R12I10, 56.21228, -14.32934, -50
12, R12I10, 54.82154, -15.96841, -50
12, R12I10, 53.13283, -17.75647, -50
12, R12I10, 51.59309, -19.39552, -50
12, R12I10, 49.87955, -20.73657, -50
12, R12I10, 48.1163, -21.70511, -50
12, R12I10, 45.93091, -22.25146, -50
12, R12I10, 43.82, -22.74815, -50
12, R12I10, 41.73392, -22.99649, -50
12, R12I10, 39.64783, -22.67365, -50
12, R12I10, 37.28858, -22.22663, -50
12, R12I10, 35.12802, -21.65544, -50
12, R12I10, 33.04193, -20.91042, -50
12, R12I10, 31.17937, -19.81771, -50
12, R12I10, 29.36647, -18.87401, -50
12, R12I10, 27.52874, -17.93031, -50
12, R12I10, 25.74067, -16.9121, -50
12, R12I10, 23.8036, -15.67039, -50
12, R12I10, 21.94103, -14.52802, -50
12, R12I10, 20.22748, -13.23664, -50
12, R12I10, 18.66291, -11.72174, -50
12, R12I10, 17.1232, -10.35586, -50
12, R12I10, 15.75732, -8.642308, -50
12, R12I10, 14.66461, -6.953584, -50
12, R12I10, 13.72091, -4.892331, -50
12, R12I10, 13.02556, -2.65725, -50
12, R12I10, 12.28053, -0.3725134, -50
12, R12I10, 11.58516, 1.564569, -50
12, R12I10, 10.6663, 3.427135, -50
12, R12I10, 9.499092, 5.140688, -50
12, R12I10, 8.282208, 7.127426, -50
12, R12I10, 7.735853, 9.089336, -50
12, R12I10, 7.984195, 11.37409, -50
12, R12I10, 8.505723, 13.43533, -50
12, R12I10, 9.374921, 15.74491, -50
12, R12I10, 10.31862, 17.95516, -50
12, R12I10, 11.31199, 20.43858, -50
12, R12I10, 12.23086, 22.54949, -50
12, R12I10, 12.87654, 24.48656, -50
12, R12I10, 13.52224, 26.79614, -50
12, R12I10, 14.11825, 29.05605, -50
12, R12I10, 14.71428, 31.44014, -50
12, R12I10, 15.28546, 33.40203, -50
12, R12I10, 15.78215, 35.58746, -50
12, R12I10, 16.17949, 37.6487, -50
12, R12I10, 16.65135, 39.80928, -50
12, R12I10, 17.74406, 41.647, -50
12, R12I10, 19.63145, 42.71487, -50
12, R12I10, 21.64302, 41.84567, -50
12, R12I10, 23.08342, 40.05762, -50
12, R12I10, 24.27546, 38.17021, -50
12, R12I10, 25.74067, 36.72983, -50
12, R12I10, 27.35489, 35.46329, -50
12, R12I10, 29.2423, 34.12223, -50
12, R12I10, 31.08003, 32.85569, -50
12, R12I10, 32.76876, 31.56431, -50
12, R12I10, 34.60649, 30.3226, -50
12, R12I10, 36.84159, 29.32923, -50
12, R12I10, 38.72898, 30.14876, -50
12, R12I10, 39.64783, 31.9865, -50
12, R12I10, 39.99552, 34.12223, -50
12, R12I10, 40.21904, 36.1338, -50
12, R12I10, 40.6412, 38.4434, -50
12, R12I10, 41.0634, 40.52946, -50
12, R12I10, 42.05677, 42.26786, -50
12, R12I10, 43.62131, 43.53441, -50
12, R12I10, 45.48388, 44.80095, -50
12, R12I10, 47.27196, 45.71982, -50
12, R12I10, 49.38287, 46.24133, -50
12, R12I10, 51.66761, 46.14201, -50
12, R12I10, 53.92752, 45.44664, -50
12, R12I10, 55.74043, 44.45327, -50
12, R12I10, 57.20565, 42.71487, -50
12, R12I10, 58.52185, 41.05099, -50
12, R12I10, 59.66422, 39.41192, -50
12, R12I10, 60.68245, 37.49968, -50
12, R12I10, 61.72547, 35.56262, -50
12, R12I10, 62.69401, 33.82422, -50
12, R12I10, 63.81155, 31.9865, -50
12, R12I10, 65.02843, 30.34743, -50
12, R12I10, 66.4688, 28.63388, -50
12, R12I10, 68.10786, 27.11898, -50
12, R12I10, 69.74694, 25.6041, -50
12, R12I10, 71.41082, 24.06437, -50
12, R12I10, 72.90087, 22.59915, -50
12, R12I10, 74.21709, 20.68692, -50
12, R12I10, 75.30978, 18.74984, -50
12, R12I10, 76.05481, 16.5396, -50
12, R12I10, 76.67566, 14.62737, -50
12, R12I10, 77.14752, 12.59096, -50
12, R12I10, 77.59454, 10.43038, -50
12, R12I10, 78.3644, 8.791323, -50
