Report_Number, Iceberg_Number, X_Value, Y_Value, Z_Value
12, R12I05, 114.2236, -27.27597, -20
12, R12I05, 113.2792, -29.38846, -20
12, R12I05, 111.788, -31.42639, -20
12, R12I05, 110.1974, -33.11638, -20
12, R12I05, 108.756, -34.5827, -20
12, R12I05, 107.3394, -36.17328, -20
12, R12I05, 105.8979, -37.66445, -20
12, R12I05, 103.9594, -39.45385, -20
12, R12I05, 101.7972, -41.09414, -20
12, R12I05, 99.85867, -42.36163, -20
12, R12I05, 97.94498, -43.72853, -20
12, R12I05, 96.10587, -45.04574, -20
12, R12I05, 93.59573, -46.9097, -20
12, R12I05, 90.83707, -48.89793, -20
12, R12I05, 88.92342, -49.84233, -20
12, R12I05, 86.96004, -50.73703, -20
12, R12I05, 85.12093, -51.85541, -20
12, R12I05, 83.38123, -52.82467, -20
12, R12I05, 81.19417, -53.94305, -20
12, R12I05, 79.03198, -55.03657, -20
12, R12I05, 76.99406, -55.90642, -20
12, R12I05, 74.95612, -56.72657, -20
12, R12I05, 72.94305, -57.49701, -20
12, R12I05, 70.73113, -58.342, -20
12, R12I05, 68.61864, -59.08759, -20
12, R12I05, 66.58073, -59.6592, -20
12, R12I05, 64.31912, -60.33023, -20
12, R12I05, 61.80896, -61.12551, -20
12, R12I05, 59.2243, -62.09478, -20
12, R12I05, 56.68929, -62.66639, -20
12, R12I05, 54.22886, -63.06404, -20
12, R12I05, 51.76845, -63.41198, -20
12, R12I05, 49.55654, -63.75991, -20
12, R12I05, 47.36948, -64.10785, -20
12, R12I05, 44.98362, -64.58006, -20
12, R12I05, 42.77171, -64.928, -20
12, R12I05, 40.75863, -64.928, -20
12, R12I05, 38.57158, -64.80373, -20
12, R12I05, 36.08629, -64.62976, -20
12, R12I05, 33.70042, -64.43095, -20
12, R12I05, 31.63766, -63.98359, -20
12, R12I05, 29.27664, -63.16345, -20
12, R12I05, 27.08958, -62.34331, -20
12, R12I05, 24.77827, -61.49831, -20
12, R12I05, 22.91431, -60.45449, -20
12, R12I05, 20.90122, -58.91361, -20
12, R12I05, 19.13667, -57.79523, -20
12, R12I05, 17.47153, -56.67686, -20
12, R12I05, 15.55786, -55.18569, -20
12, R12I05, 14.017, -53.86849, -20
12, R12I05, 12.12818, -52.07909, -20
12, R12I05, 10.5873, -50.58792, -20
12, R12I05, 9.195545, -49.09675, -20
12, R12I05, 7.331583, -47.3819, -20
12, R12I05, 5.815567, -46.0647, -20
12, R12I05, 3.926744, -44.54868, -20
12, R12I05, 1.913671, -43.25633, -20
12, R12I05, 0.1242641, -42.0634, -20
12, R12I05, -1.615434, -40.79591, -20
12, R12I05, -3.703077, -40.22429, -20
12, R12I05, -6.014387, -40.96988, -20
12, R12I05, -7.381292, -42.46105, -20
12, R12I05, -8.325697, -44.77236, -20
12, R12I05, -9.667755, -46.41264, -20
12, R12I05, -11.82994, -46.78544, -20
12, R12I05, -13.84303, -46.4375, -20
12, R12I05, -16.00523, -46.33808, -20
12, R12I05, -18.04315, -46.46235, -20
12, R12I05, -20.23021, -46.53691, -20
12, R12I05, -22.41725, -45.66706, -20
12, R12I05, -23.88356, -44.07648, -20
12, R12I05, -24.2315, -41.74031, -20
12, R12I05, -25.05165, -39.8515, -20
12, R12I05, -26.89076, -39.08106, -20
12, R12I05, -28.90383, -38.55915, -20
12, R12I05, -30.99148, -38.01239, -20
12, R12I05, -33.4022, -37.41592, -20
12, R12I05, -35.81292, -36.91886, -20
12, R12I05, -38.04967, -36.57092, -20
12, R12I05, -40.16216, -36.22298, -20
12, R12I05, -42.15039, -35.77563, -20
12, R12I05, -44.53627, -35.03004, -20
12, R12I05, -46.6736, -34.35902, -20
12, R12I05, -48.88551, -33.71285, -20
12, R12I05, -51.04771, -33.11638, -20
12, R12I05, -53.1602, -32.17197, -20
12, R12I05, -55.34724, -30.97904, -20
12, R12I05, -57.03724, -29.28905, -20
12, R12I05, -58.55325, -27.64876, -20
12, R12I05, -59.79589, -25.85935, -20
12, R12I05, -60.74031, -23.99539, -20
12, R12I05, -61.1628, -21.98231, -20
12, R12I05, -60.76516, -19.82011, -20
12, R12I05, -59.44796, -18.00586, -20
12, R12I05, -57.584, -16.63895, -20
12, R12I05, -55.44665, -15.76911, -20
12, R12I05, -53.60755, -14.87441, -20
12, R12I05, -51.99212, -13.5075, -20
12, R12I05, -50.55066, -11.86721, -20
12, R12I05, -49.43228, -9.705026, -20
12, R12I05, -48.81096, -7.716799, -20
12, R12I05, -48.51272, -5.678864, -20
12, R12I05, -48.36359, -3.218429, -20
12, R12I05, -48.56243, -0.9319658, -20
12, R12I05, -48.71154, 1.05626, -20
12, R12I05, -49.50683, 3.044486, -20
12, R12I05, -51.14711, 4.58535, -20
12, R12I05, -53.18505, 5.082406, -20
12, R12I05, -55.27269, 5.156977, -20
12, R12I05, -57.43488, 4.58535, -20
12, R12I05, -59.44796, 3.715501, -20
12, R12I05, -61.5853, 2.646832, -20
12, R12I05, -63.67294, 1.801845, -20
12, R12I05, -65.66117, 1.975803, -20
12, R12I05, -67.84821, 2.771096, -20
12, R12I05, -69.5382, 4.287127, -20
12, R12I05, -71.02937, 6.325047, -20
12, R12I05, -71.77496, 8.61151, -20
12, R12I05, -72.1229, 10.87313, -20
12, R12I05, -72.27201, 13.28384, -20
12, R12I05, -72.22231, 15.4709, -20
12, R12I05, -72.1229, 17.55853, -20
12, R12I05, -71.87437, 19.9941, -20
12, R12I05, -71.47672, 22.35512, -20
12, R12I05, -71.20335, 24.66644, -20
12, R12I05, -70.88026, 27.07716, -20
12, R12I05, -70.45776, 29.46304, -20
12, R12I05, -69.88615, 31.4264, -20
12, R12I05, -69.26483, 33.46434, -20
12, R12I05, -68.56895, 35.89991, -20
12, R12I05, -67.64939, 38.68343, -20
12, R12I05, -66.77955, 41.14386, -20
12, R12I05, -65.93454, 43.20665, -20
12, R12I05, -65.1144, 45.36885, -20
12, R12I05, -64.2694, 47.65531, -20
12, R12I05, -63.49897, 49.54412, -20
12, R12I05, -62.60427, 51.85543, -20
12, R12I05, -61.5853, 54.31586, -20
12, R12I05, -60.46692, 56.42835, -20
12, R12I05, -59.57223, 58.24261, -20
12, R12I05, -58.70238, 60.18112, -20
12, R12I05, -57.78282, 61.99538, -20
12, R12I05, -56.6396, 64.35639, -20
12, R12I05, -55.47151, 66.49374, -20
12, R12I05, -54.22887, 68.55653, -20
12, R12I05, -53.08563, 70.34593, -20
12, R12I05, -51.86785, 72.48327, -20
12, R12I05, -50.40153, 74.57092, -20
12, R12I05, -49.03462, 76.2609, -20
12, R12I05, -47.59316, 77.72723, -20
12, R12I05, -45.85346, 79.01956, -20
12, R12I05, -44.03921, 79.91428, -20
12, R12I05, -42.12554, 80.53559, -20
12, R12I05, -40.13731, 80.80897, -20
12, R12I05, -38.07453, 80.26221, -20
12, R12I05, -36.40939, 78.92016, -20
12, R12I05, -35.01764, 77.23017, -20
12, R12I05, -33.52647, 75.61474, -20
12, R12I05, -31.78677, 74.34724, -20
12, R12I05, -29.72397, 73.97444, -20
12, R12I05, -27.58664, 73.97444, -20
12, R12I05, -25.92149, 72.83121, -20
12, R12I05, -24.75341, 71.06666, -20
12, R12I05, -23.46107, 69.17785, -20
12, R12I05, -22.21843, 67.61212, -20
12, R12I05, -20.92608, 66.02154, -20
12, R12I05, -19.11183, 64.80376, -20
12, R12I05, -17.07389, 63.61081, -20
12, R12I05, -15.38391, 62.31847, -20
12, R12I05, -13.66905, 60.92671, -20
12, R12I05, -11.87965, 59.38583, -20
12, R12I05, -10.16481, 57.74555, -20
12, R12I05, -8.599072, 56.20467, -20
12, R12I05, -6.909082, 54.86263, -20
12, R12I05, -5.144538, 53.47086, -20
12, R12I05, -3.355131, 51.73116, -20
12, R12I05, -1.615434, 49.99147, -20
12, R12I05, -0.1739728, 48.27663, -20
12, R12I05, 1.068668, 46.43752, -20
12, R12I05, 2.162199, 44.499, -20
12, R12I05, 3.379978, 42.8587, -20
12, R12I05, 4.647481, 41.0196, -20
12, R12I05, 5.765859, 39.15564, -20
12, R12I05, 6.859374, 37.16741, -20
12, R12I05, 7.704376, 35.3283, -20
12, R12I05, 8.673642, 33.41463, -20
12, R12I05, 9.568337, 31.37671, -20
12, R12I05, 10.43819, 29.38848, -20
12, R12I05, 11.45715, 27.49966, -20
12, R12I05, 12.87376, 26.0582, -20
12, R12I05, 15.03596, 25.46172, -20
12, R12I05, 16.87507, 26.72923, -20
12, R12I05, 18.09285, 28.44406, -20
12, R12I05, 19.26094, 30.30802, -20
12, R12I05, 20.47873, 32.22169, -20
12, R12I05, 84.97182, -3.864611, -20
12, R12I05, 86.96004, -4.386515, -20
12, R12I05, 89.09738, -5.007835, -20
12, R12I05, 91.23472, -5.330919, -20
12, R12I05, 93.32236, -5.604309, -20
12, R12I05, 95.41, -5.728573, -20
12, R12I05, 97.62191, -5.75342, -20
12, R12I05, 99.83379, -5.803129, -20
12, R12I05, 101.8717, -5.95224, -20
12, R12I05, 103.8351, -6.300185, -20
12, R12I05, 106.0221, -6.896644, -20
12, R12I05, 108.2589, -7.791355, -20
12, R12I05, 110.0483, -8.95944, -20
12, R12I05, 111.788, -10.42575, -20
12, R12I05, 113.304, -12.36427, -20
12, R12I05, 114.3478, -14.27794, -20
12, R12I05, 115.0437, -16.66382, -20
12, R12I05, 115.6651, -19.1491, -20
12, R12I05, 116.0378, -21.26159, -20
12, R12I05, 115.8639, -23.47348, -20
12, R12I05, 115.1183, -25.48656, -20
12, R12I05, 21.5474, 34.11052, -20
12, R12I05, 22.59122, 35.97448, -20
12, R12I05, 23.75929, 38.11182, -20
12, R12I05, 25.20077, 40.0752, -20
12, R12I05, 27.21384, 40.19946, -20
12, R12I05, 28.95354, 39.08109, -20
12, R12I05, 30.54413, 37.41594, -20
12, R12I05, 32.18441, 35.99933, -20
12, R12I05, 33.99868, 34.93066, -20
12, R12I05, 35.93718, 33.76257, -20
12, R12I05, 37.95025, 32.86788, -20
12, R12I05, 39.81421, 32.09743, -20
12, R12I05, 41.55391, 31.02876, -20
12, R12I05, 43.06996, 29.66186, -20
12, R12I05, 42.84628, 27.57421, -20
12, R12I05, 41.7776, 25.75996, -20
12, R12I05, 40.13731, 24.41792, -20
12, R12I05, 38.2485, 23.17528, -20
12, R12I05, 36.65792, 21.55984, -20
12, R12I05, 36.73249, 19.52191, -20
12, R12I05, 38.96924, 19.09941, -20
12, R12I05, 41.05685, 19.07456, -20
12, R12I05, 43.31849, 19.29823, -20
12, R12I05, 45.43098, 19.8947, -20
12, R12I05, 47.54347, 20.36689, -20
12, R12I05, 49.53169, 20.61542, -20
12, R12I05, 51.69388, 20.66513, -20
12, R12I05, 53.58269, 19.64617, -20
12, R12I05, 54.67622, 17.78221, -20
12, R12I05, 55.29754, 15.79398, -20
12, R12I05, 55.91886, 13.70634, -20
12, R12I05, 57.03724, 11.81753, -20
12, R12I05, 58.82663, 10.84826, -20
12, R12I05, 60.83973, 10.77371, -20
12, R12I05, 62.9025, 11.04708, -20
12, R12I05, 64.91557, 11.37018, -20
12, R12I05, 67.02806, 11.61871, -20
12, R12I05, 67.82336, 9.555915, -20
12, R12I05, 67.22689, 7.517995, -20
12, R12I05, 67.35116, 5.330934, -20
12, R12I05, 68.66837, 3.541543, -20
12, R12I05, 70.20924, 2.07522, -20
12, R12I05, 71.99863, 0.7580233, -20
12, R12I05, 73.61406, -0.5591734, -20
12, R12I05, 75.27921, -1.776968, -20
12, R12I05, 77.21772, -3.069318, -20
12, R12I05, 79.15625, -3.864611, -20
12, R12I05, 81.39301, -4.361668, -20
12, R12I05, 83.43092, -4.759307, -20
12, R12I05, 84.97182, -3.864611, -20
12, R12I05, 47.94111, -2.870498, -30
12, R12I05, 49.30801, -4.386515, -30
12, R12I05, 50.69976, -5.827975, -30
12, R12I05, 52.19093, -7.219743, -30
12, R12I05, 54.07974, -7.990174, -30
12, R12I05, 56.16739, -8.362967, -30
12, R12I05, 58.15561, -8.33812, -30
12, R12I05, 60.34267, -8.089592, -30
12, R12I05, 62.38059, -7.567673, -30
12, R12I05, 64.49308, -7.04577, -30
12, R12I05, 66.60558, -6.623269, -30
12, R12I05, 68.5938, -6.598422, -30
12, R12I05, 70.58202, -6.996061, -30
12, R12I05, 72.5951, -7.294298, -30
12, R12I05, 74.68274, -7.86591, -30
12, R12I05, 76.5467, -8.561787, -30
12, R12I05, 78.38582, -9.35708, -30
12, R12I05, 80.39889, -10.22693, -30
12, R12I05, 82.51138, -10.89796, -30
12, R12I05, 84.64872, -11.89207, -30
12, R12I05, 86.76121, -13.03529, -30
12, R12I05, 88.6749, -14.22823, -30
12, R12I05, 90.51398, -15.42118, -30
12, R12I05, 92.22883, -16.46498, -30
12, R12I05, 94.09279, -17.78219, -30
12, R12I05, 95.38515, -19.44732, -30
12, R12I05, 95.93191, -21.51012, -30
12, R12I05, 96.40411, -23.47348, -30
12, R12I05, 96.45381, -25.53627, -30
12, R12I05, 95.73307, -27.54935, -30
12, R12I05, 94.68926, -29.66184, -30
12, R12I05, 93.37206, -31.25242, -30
12, R12I05, 91.93061, -32.64418, -30
12, R12I05, 90.26545, -34.03593, -30
12, R12I05, 88.45121, -35.60167, -30
12, R12I05, 86.66179, -36.64548, -30
12, R12I05, 84.57418, -37.63959, -30
12, R12I05, 82.31255, -38.78283, -30
12, R12I05, 80.15036, -39.82664, -30
12, R12I05, 78.11244, -40.77105, -30
12, R12I05, 76.32302, -41.6409, -30
12, R12I05, 74.48391, -42.48589, -30
12, R12I05, 72.17262, -43.60427, -30
12, R12I05, 69.83644, -44.6978, -30
12, R12I05, 67.79852, -45.46823, -30
12, R12I05, 65.83514, -45.99014, -30
12, R12I05, 63.82207, -46.51205, -30
12, R12I05, 61.70958, -47.08367, -30
12, R12I05, 59.49767, -47.7547, -30
12, R12I05, 57.23607, -48.35116, -30
12, R12I05, 55.19812, -48.77366, -30
12, R12I05, 53.01109, -49.09675, -30
12, R12I05, 50.77433, -49.56895, -30
12, R12I05, 48.5127, -50.09086, -30
12, R12I05, 45.97773, -50.28969, -30
12, R12I05, 43.86524, -50.31453, -30
12, R12I05, 41.45452, -50.33939, -30
12, R12I05, 39.44142, -50.61277, -30
12, R12I05, 37.20467, -50.88615, -30
12, R12I05, 34.79396, -50.83644, -30
12, R12I05, 32.45778, -50.76189, -30
12, R12I05, 30.17134, -50.3891, -30
12, R12I05, 28.15826, -49.99145, -30
12, R12I05, 26.17002, -49.5441, -30
12, R12I05, 24.25635, -48.99734, -30
12, R12I05, 22.04446, -48.15234, -30
12, R12I05, 20.2799, -47.18308, -30
12, R12I05, 18.49051, -45.99014, -30
12, R12I05, 16.42771, -45.59249, -30
12, R12I05, 14.31522, -46.08955, -30
12, R12I05, 12.40157, -46.88485, -30
12, R12I05, 10.38848, -46.9594, -30
12, R12I05, 9.046434, -45.17, -30
12, R12I05, 7.679529, -43.60427, -30
12, R12I05, 6.064095, -41.88943, -30
12, R12I05, 4.597773, -40.49767, -30
12, R12I05, 2.882922, -39.35444, -30
12, R12I05, 0.9444044, -38.38518, -30
12, R12I05, -1.168086, -37.29165, -30
12, R12I05, -3.13145, -36.52121, -30
12, R12I05, -5.069983, -35.75078, -30
12, R12I05, -6.933944, -34.85608, -30
12, R12I05, -8.698489, -33.93652, -30
12, R12I05, -10.41334, -32.61933, -30
12, R12I05, -10.4879, -30.6311, -30
12, R12I05, -10.96009, -28.54346, -30
12, R12I05, -12.00391, -26.77891, -30
12, R12I05, -14.017, -26.00847, -30
12, R12I05, -16.07978, -25.98362, -30
12, R12I05, -18.24198, -26.28186, -30
12, R12I05, -20.62785, -26.33156, -30
12, R12I05, -22.74034, -26.33156, -30
12, R12I05, -24.87767, -26.38127, -30
12, R12I05, -26.8659, -26.45582, -30
12, R12I05, -29.30149, -26.43097, -30
12, R12I05, -31.58793, -26.10788, -30
12, R12I05, -33.79984, -25.73509, -30
12, R12I05, -35.93718, -25.18833, -30
12, R12I05, -38.17393, -24.36819, -30
12, R12I05, -40.16216, -23.39893, -30
12, R12I05, -42.12554, -22.37996, -30
12, R12I05, -43.93979, -21.08762, -30
12, R12I05, -45.53038, -19.57158, -30
12, R12I05, -46.99669, -18.03072, -30
12, R12I05, -48.43816, -16.41529, -30
12, R12I05, -49.68081, -14.84955, -30
12, R12I05, -50.62521, -12.58795, -30
12, R12I05, -51.07256, -10.59972, -30
12, R12I05, -51.29624, -8.487231, -30
12, R12I05, -51.64417, -6.349894, -30
12, R12I05, -51.91756, -4.26225, -30
12, R12I05, -52.61343, -2.050343, -30
12, R12I05, -54.12945, -0.7082995, -30
12, R12I05, -56.04312, 0.1367027, -30
12, R12I05, -57.93193, 0.8325788, -30
12, R12I05, -59.89531, 1.453899, -30
12, R12I05, -61.83383, 2.07522, -30
12, R12I05, -63.99603, 2.820805, -30
12, R12I05, -65.81028, 3.640945, -30
12, R12I05, -67.62453, 4.958142, -30
12, R12I05, -68.94174, 6.672993, -30
12, R12I05, -70.08497, 8.61151, -30
12, R12I05, -70.8554, 10.59974, -30
12, R12I05, -71.40217, 12.53825, -30
12, R12I05, -71.87437, 14.57619, -30
12, R12I05, -72.1229, 16.68868, -30
12, R12I05, -72.27201, 18.80117, -30
12, R12I05, -72.19746, 20.86395, -30
12, R12I05, -72.14775, 22.85218, -30
12, R12I05, -71.92408, 24.93982, -30
12, R12I05, -71.37732, 27.37539, -30
12, R12I05, -70.8554, 29.66186, -30
12, R12I05, -70.25894, 32.07258, -30
12, R12I05, -69.68733, 34.11052, -30
12, R12I05, -68.96659, 35.97448, -30
12, R12I05, -68.0719, 37.98755, -30
12, R12I05, -67.2766, 40.00063, -30
12, R12I05, -66.55586, 42.01371, -30
12, R12I05, -65.51204, 44.22561, -30
12, R12I05, -64.5925, 46.41267, -30
12, R12I05, -63.42442, 48.1275, -30
12, R12I05, -61.88354, 49.84235, -30
12, R12I05, -60.34266, 51.5075, -30
12, R12I05, -58.92604, 53.24719, -30
12, R12I05, -57.33547, 54.96203, -30
12, R12I05, -55.59578, 56.62717, -30
12, R12I05, -54.22887, 58.09349, -30
12, R12I05, -52.66314, 59.65922, -30
12, R12I05, -51.14711, 61.12553, -30
12, R12I05, -49.18375, 62.46759, -30
12, R12I05, -47.36948, 63.48655, -30
12, R12I05, -45.38125, 64.50552, -30
12, R12I05, -43.31847, 65.27596, -30
12, R12I05, -41.23084, 65.64874, -30
12, R12I05, -39.01894, 65.7233, -30
12, R12I05, -37.00586, 65.52448, -30
12, R12I05, -34.8188, 65.05228, -30
12, R12I05, -32.88029, 64.48066, -30
12, R12I05, -30.94177, 63.56112, -30
12, R12I05, -29.12751, 62.36817, -30
12, R12I05, -27.26355, 60.90186, -30
12, R12I05, -25.4493, 59.95746, -30
12, R12I05, -23.63503, 59.1373, -30
12, R12I05, -21.94504, 57.99408, -30
12, R12I05, -20.37932, 56.30409, -30
12, R12I05, -18.68933, 54.53953, -30
12, R12I05, -17.44669, 52.9738, -30
12, R12I05, -15.95552, 51.23411, -30
12, R12I05, -14.31522, 49.49441, -30
12, R12I05, -12.40157, 47.75471, -30
12, R12I05, -10.86069, 46.23869, -30
12, R12I05, -9.294963, 44.54871, -30
12, R12I05, -7.853487, 42.8587, -30
12, R12I05, -6.461735, 41.36753, -30
12, R12I05, -5.094829, 39.85152, -30
12, R12I05, -3.379978, 38.13667, -30
12, R12I05, -1.689989, 36.34727, -30
12, R12I05, -0.1988196, 34.78153, -30
12, R12I05, 1.342059, 33.01699, -30
12, R12I05, 2.833228, 31.10332, -30
12, R12I05, 4.051008, 29.51274, -30
12, R12I05, 5.194247, 27.8476, -30
12, R12I05, 6.53629, 25.90909, -30
12, R12I05, 7.580112, 24.19423, -30
12, R12I05, 8.748198, 22.40483, -30
12, R12I05, 9.941131, 20.71484, -30
12, R12I05, 11.30804, 19.24852, -30
12, R12I05, 13.47023, 19.27338, -30
12, R12I05, 15.16022, 20.36689, -30
12, R12I05, 16.45257, 21.93263, -30
12, R12I05, 17.57095, 23.59776, -30
12, R12I05, 18.93786, 25.53629, -30
12, R12I05, 20.13079, 27.57421, -30
12, R12I05, 21.34858, 29.18965, -30
12, R12I05, 22.98886, 30.65597, -30
12, R12I05, 25.00194, 31.65008, -30
12, R12I05, 27.03989, 31.94832, -30
12, R12I05, 29.15238, 31.15303, -30
12, R12I05, 30.96662, 30.08436, -30
12, R12I05, 32.70631, 28.86656, -30
12, R12I05, 34.24721, 27.4251, -30
12, R12I05, 35.73838, 25.80967, -30
12, R12I05, 37.10528, 24.11968, -30
12, R12I05, 38.42246, 22.47938, -30
12, R12I05, 39.78937, 20.49116, -30
12, R12I05, 40.85805, 18.60235, -30
12, R12I05, 41.80244, 16.66383, -30
12, R12I05, 42.74686, 14.70045, -30
12, R12I05, 43.81554, 12.78678, -30
12, R12I05, 44.98362, 10.724, -30
12, R12I05, 45.92804, 8.760636, -30
12, R12I05, 46.52448, 6.573575, -30
12, R12I05, 46.92215, 4.485947, -30
12, R12I05, 47.29494, 2.398304, -30
12, R12I05, 47.69258, 0.3852309, -30
12, R12I05, 48.11506, -1.006536, -30
12, R12I05, 47.94111, -2.870498, -30
12, R12I05, 50.15302, -4.063431, -40
12, R12I05, 49.68081, -6.076504, -40
12, R12I05, 49.05948, -8.164147, -40
12, R12I05, 48.88549, -10.30148, -40
12, R12I05, 49.7305, -12.24, -40
12, R12I05, 51.32109, -13.70632, -40
12, R12I05, 53.33416, -14.12883, -40
12, R12I05, 55.54607, -13.95485, -40
12, R12I05, 57.60886, -13.80574, -40
12, R12I05, 60.01957, -13.68148, -40
12, R12I05, 62.18176, -13.9797, -40
12, R12I05, 64.19486, -14.55133, -40
12, R12I05, 65.98425, -15.84366, -40
12, R12I05, 67.47542, -17.58336, -40
12, R12I05, 68.71806, -19.54674, -40
12, R12I05, 69.81159, -21.23673, -40
12, R12I05, 70.78086, -23.34922, -40
12, R12I05, 71.27792, -25.53627, -40
12, R12I05, 71.7004, -27.67361, -40
12, R12I05, 72.32172, -29.98492, -40
12, R12I05, 72.89335, -32.02286, -40
12, R12I05, 73.117, -34.33417, -40
12, R12I05, 73.16673, -36.3224, -40
12, R12I05, 73.19157, -38.53429, -40
12, R12I05, 72.96789, -40.64679, -40
12, R12I05, 72.71936, -42.9581, -40
12, R12I05, 72.27203, -44.89662, -40
12, R12I05, 71.62583, -46.78544, -40
12, R12I05, 70.73113, -49.14645, -40
12, R12I05, 69.61276, -51.3335, -40
12, R12I05, 68.46954, -53.44599, -40
12, R12I05, 67.42573, -55.63305, -40
12, R12I05, 66.40674, -57.69583, -40
12, R12I05, 65.31324, -59.53493, -40
12, R12I05, 64.02087, -61.42375, -40
12, R12I05, 62.67881, -63.36227, -40
12, R12I05, 61.26221, -65.05226, -40
12, R12I05, 59.87046, -66.69255, -40
12, R12I05, 58.03135, -68.35769, -40
12, R12I05, 55.89401, -69.89857, -40
12, R12I05, 53.40873, -71.06664, -40
12, R12I05, 51.22167, -71.78738, -40
12, R12I05, 49.10918, -72.60752, -40
12, R12I05, 47.04641, -73.3034, -40
12, R12I05, 44.8842, -73.97443, -40
12, R12I05, 42.77171, -74.17325, -40
12, R12I05, 40.78348, -73.7756, -40
12, R12I05, 38.86983, -73.05487, -40
12, R12I05, 37.20467, -71.88679, -40
12, R12I05, 36.01175, -70.27135, -40
12, R12I05, 34.84365, -68.10916, -40
12, R12I05, 33.99868, -66.12093, -40
12, R12I05, 32.92999, -64.13271, -40
12, R12I05, 31.91103, -62.19419, -40
12, R12I05, 30.89207, -60.15625, -40
12, R12I05, 29.67428, -58.21774, -40
12, R12I05, 28.68017, -56.25436, -40
12, R12I05, 27.46237, -54.04246, -40
12, R12I05, 26.3937, -52.05423, -40
12, R12I05, 25.07651, -50.28969, -40
12, R12I05, 23.56048, -48.82336, -40
12, R12I05, 21.67167, -47.60558, -40
12, R12I05, 19.45976, -46.9594, -40
12, R12I05, 17.32242, -47.3819, -40
12, R12I05, 15.30933, -47.77955, -40
12, R12I05, 13.42053, -48.47543, -40
12, R12I05, 11.38259, -48.30146, -40
12, R12I05, 9.667755, -46.81029, -40
12, R12I05, 8.549378, -45.07059, -40
12, R12I05, 7.281875, -43.3806, -40
12, R12I05, 5.740997, -42.01369, -40
12, R12I05, 3.877035, -40.89531, -40
12, R12I05, 2.062782, -40.00061, -40
12, R12I05, 0.2485283, -39.13076, -40
12, R12I05, -1.64028, -38.18636, -40
12, R12I05, -3.479396, -37.19225, -40
12, R12I05, -5.24394, -36.14842, -40
12, R12I05, -6.909082, -35.03004, -40
12, R12I05, -8.64878, -33.93652, -40
12, R12I05, -9.468921, -32.12227, -40
12, R12I05, -9.518629, -30.08434, -40
12, R12I05, -10.66187, -28.27008, -40
12, R12I05, -12.65009, -27.17656, -40
12, R12I05, -14.63832, -27.30082, -40
12, R12I05, -16.87507, -27.32567, -40
12, R12I05, -18.93786, -27.22626, -40
12, R12I05, -21.22432, -27.25111, -40
12, R12I05, -23.33681, -27.54935, -40
12, R12I05, -25.64812, -27.89729, -40
12, R12I05, -27.90972, -28.17067, -40
12, R12I05, -30.09677, -27.94699, -40
12, R12I05, -32.30867, -27.79788, -40
12, R12I05, -34.37146, -27.97185, -40
12, R12I05, -36.30997, -28.61802, -40
12, R12I05, -38.12424, -29.48787, -40
12, R12I05, -39.88879, -30.82992, -40
12, R12I05, -41.7279, -31.92344, -40
12, R12I05, -43.51729, -32.79329, -40
12, R12I05, -45.60493, -33.53888, -40
12, R12I05, -47.54345, -34.01109, -40
12, R12I05, -49.7305, -34.06079, -40
12, R12I05, -51.81814, -33.76256, -40
12, R12I05, -53.73181, -32.71873, -40
12, R12I05, -55.57091, -31.62521, -40
12, R12I05, -57.03724, -29.93522, -40
12, R12I05, -58.50356, -28.19552, -40
12, R12I05, -59.77105, -26.55524, -40
12, R12I05, -60.86457, -24.81554, -40
12, R12I05, -61.78412, -22.97643, -40
12, R12I05, -62.70367, -20.83909, -40
12, R12I05, -63.27529, -18.60233, -40
12, R12I05, -63.15102, -16.39043, -40
12, R12I05, -62.65397, -14.4022, -40
12, R12I05, -61.75927, -12.41397, -40
12, R12I05, -60.6409, -10.5003, -40
12, R12I05, -59.49767, -8.785468, -40
12, R12I05, -58.60296, -6.971215, -40
12, R12I05, -57.95679, -4.93328, -40
12, R12I05, -58.1059, -2.870498, -40
12, R12I05, -59.52252, -1.354467, -40
12, R12I05, -61.33677, -0.2857984, -40
12, R12I05, -63.12618, 0.6337592, -40
12, R12I05, -65.1144, 1.429053, -40
12, R12I05, -67.30145, 1.130816, -40
12, R12I05, -69.16541, 0.4349396, -40
12, R12I05, -71.07908, -0.4100625, -40
12, R12I05, -72.9182, -1.230203, -40
12, R12I05, -74.93127, -2.174607, -40
12, R12I05, -77.09347, -3.044456, -40
12, R12I05, -79.15625, -3.591221, -40
12, R12I05, -80.67226, -2.249178, -40
12, R12I05, -82.01433, -0.7082995, -40
12, R12I05, -83.28181, 1.05626, -40
12, R12I05, -85.07122, 2.100067, -40
12, R12I05, -87.0346, 2.572277, -40
12, R12I05, -87.85474, 4.560503, -40
12, R12I05, -87.85474, 6.871812, -40
12, R12I05, -87.40739, 8.810329, -40
12, R12I05, -86.81092, 10.77371, -40
12, R12I05, -85.91622, 12.81164, -40
12, R12I05, -84.79784, 14.79987, -40
12, R12I05, -83.92799, 16.58928, -40
12, R12I05, -83.13271, 18.99999, -40
12, R12I05, -82.43683, 21.23674, -40
12, R12I05, -81.66638, 23.44865, -40
12, R12I05, -80.8214, 25.38717, -40
12, R12I05, -79.77757, 27.37539, -40
12, R12I05, -78.55978, 29.5873, -40
12, R12I05, -77.4911, 31.52582, -40
12, R12I05, -76.29817, 33.46434, -40
12, R12I05, -75.08038, 35.15432, -40
12, R12I05, -73.91231, 36.81947, -40
12, R12I05, -72.5951, 38.65858, -40
12, R12I05, -71.2282, 40.67165, -40
12, R12I05, -69.98555, 42.46106, -40
12, R12I05, -68.89204, 44.12621, -40
12, R12I05, -67.72395, 45.91561, -40
12, R12I05, -66.48131, 47.72986, -40
12, R12I05, -65.03985, 49.64354, -40
12, R12I05, -63.42442, 51.5075, -40
12, R12I05, -62.20662, 53.14778, -40
12, R12I05, -60.83971, 54.83776, -40
12, R12I05, -59.22428, 56.72659, -40
12, R12I05, -57.73311, 58.44143, -40
12, R12I05, -56.01828, 59.88288, -40
12, R12I05, -54.30342, 60.97642, -40
12, R12I05, -52.48917, 62.21906, -40
12, R12I05, -50.32697, 63.11375, -40
12, R12I05, -48.18964, 63.4617, -40
12, R12I05, -46.00257, 63.68538, -40
12, R12I05, -43.91495, 63.85934, -40
12, R12I05, -41.65333, 63.85934, -40
12, R12I05, -39.61541, 63.38714, -40
12, R12I05, -37.57748, 62.49243, -40
12, R12I05, -35.48983, 61.22495, -40
12, R12I05, -33.67558, 60.08172, -40
12, R12I05, -31.7122, 58.83908, -40
12, R12I05, -29.8731, 57.64613, -40
12, R12I05, -28.08369, 56.42835, -40
12, R12I05, -26.17002, 55.28511, -40
12, R12I05, -24.2315, 54.31586, -40
12, R12I05, -22.09417, 53.17262, -40
12, R12I05, -20.1805, 52.10395, -40
12, R12I05, -18.36624, 51.06013, -40
12, R12I05, -16.55198, 50.01633, -40
12, R12I05, -14.86199, 48.89795, -40
12, R12I05, -13.12229, 47.6056, -40
12, R12I05, -11.60627, 46.31325, -40
12, R12I05, -10.1151, 44.94635, -40
12, R12I05, -8.499669, 43.52973, -40
12, R12I05, -6.834527, 42.31195, -40
12, R12I05, -5.24394, 40.99474, -40
12, R12I05, -3.60366, 39.40417, -40
12, R12I05, -2.013073, 37.44079, -40
12, R12I05, -0.5716119, 35.80051, -40
12, R12I05, 0.7704315, 34.20992, -40
12, R12I05, 2.137337, 32.51993, -40
12, R12I05, 3.504242, 30.75539, -40
12, R12I05, 4.69719, 29.1648, -40
12, R12I05, 6.014387, 27.32569, -40
12, R12I05, 7.281875, 25.36232, -40
12, R12I05, 8.176586, 23.54807, -40
12, R12I05, 9.344656, 21.33616, -40
12, R12I05, 10.33877, 19.32309, -40
12, R12I05, 11.35774, 17.48397, -40
12, R12I05, 12.52583, 15.81883, -40
12, R12I05, 14.04185, 14.50163, -40
12, R12I05, 16.20405, 14.32766, -40
12, R12I05, 17.62066, 15.76912, -40
12, R12I05, 18.88815, 17.65795, -40
12, R12I05, 19.85741, 19.4722, -40
12, R12I05, 20.97579, 21.48527, -40
12, R12I05, 22.11901, 23.44865, -40
12, R12I05, 23.41137, 25.23806, -40
12, R12I05, 25.52386, 26.03335, -40
12, R12I05, 27.53694, 26.08304, -40
12, R12I05, 29.59971, 25.53629, -40
12, R12I05, 31.63766, 24.8404, -40
12, R12I05, 33.70042, 23.82144, -40
12, R12I05, 35.58923, 22.72791, -40
12, R12I05, 37.32893, 21.46042, -40
12, R12I05, 38.96924, 20.14323, -40
12, R12I05, 40.51011, 18.75146, -40
12, R12I05, 42.07585, 17.48397, -40
12, R12I05, 43.64156, 16.04251, -40
12, R12I05, 45.10788, 14.42708, -40
12, R12I05, 46.47478, 12.83649, -40
12, R12I05, 47.66773, 11.19621, -40
12, R12I05, 48.76123, 9.158276, -40
12, R12I05, 49.75534, 7.269467, -40
12, R12I05, 50.32697, 5.20667, -40
12, R12I05, 50.67492, 3.143888, -40
12, R12I05, 50.79918, 0.9568429, -40
12, R12I05, 50.74946, -1.1308, -40
12, R12I05, 50.65007, -2.14976, -40
12, R12I05, 50.15302, -4.063431, -40
12, R12I05, 38.12424, -3.243291, -50
12, R12I05, 37.25439, -5.579447, -50
12, R12I05, 36.78218, -7.716799, -50
12, R12I05, 36.63307, -9.729872, -50
12, R12I05, 36.65792, -11.99147, -50
12, R12I05, 36.85675, -14.10396, -50
12, R12I05, 37.20467, -16.24132, -50
12, R12I05, 37.75145, -18.25439, -50
12, R12I05, 38.57158, -20.49114, -50
12, R12I05, 39.56569, -22.65334, -50
12, R12I05, 40.38584, -24.79069, -50
12, R12I05, 41.25569, -27.17656, -50
12, R12I05, 41.90186, -29.41331, -50
12, R12I05, 42.59775, -31.60036, -50
12, R12I05, 43.4676, -33.688, -50
12, R12I05, 44.13861, -35.70108, -50
12, R12I05, 45.05819, -37.81356, -50
12, R12I05, 46.07714, -39.52841, -50
12, R12I05, 47.31979, -41.61604, -50
12, R12I05, 48.68669, -43.72853, -50
12, R12I05, 49.90449, -45.56765, -50
12, R12I05, 51.29624, -47.48131, -50
12, R12I05, 52.71284, -49.27072, -50
12, R12I05, 53.80637, -51.23409, -50
12, R12I05, 54.25373, -53.29687, -50
12, R12I05, 54.30342, -55.80701, -50
12, R12I05, 54.0549, -57.9195, -50
12, R12I05, 53.70695, -59.90773, -50
12, R12I05, 53.359, -61.94566, -50
12, R12I05, 52.66314, -64.23212, -50
12, R12I05, 51.61931, -66.31976, -50
12, R12I05, 50.62519, -68.35769, -50
12, R12I05, 49.60624, -70.34591, -50
12, R12I05, 48.48786, -72.33414, -50
12, R12I05, 47.29494, -74.42178, -50
12, R12I05, 45.85346, -76.41, -50
12, R12I05, 44.18834, -77.90117, -50
12, R12I05, 42.49833, -78.9947, -50
12, R12I05, 40.51011, -79.81484, -50
12, R12I05, 38.2982, -80.13792, -50
12, R12I05, 36.3597, -79.56631, -50
12, R12I05, 34.94307, -78.1, -50
12, R12I05, 33.50162, -76.53426, -50
12, R12I05, 32.2341, -74.89398, -50
12, R12I05, 31.16545, -73.20399, -50
12, R12I05, 30.02223, -71.24062, -50
12, R12I05, 28.80443, -69.55063, -50
12, R12I05, 27.43752, -67.98489, -50
12, R12I05, 25.87179, -66.27005, -50
12, R12I05, 24.35577, -64.82859, -50
12, R12I05, 22.61607, -63.43683, -50
12, R12I05, 20.72726, -61.79654, -50
12, R12I05, 18.61477, -60.23082, -50
12, R12I05, 16.75081, -58.8142, -50
12, R12I05, 14.73772, -57.34789, -50
12, R12I05, 12.94832, -56.1301, -50
12, R12I05, 11.10922, -54.8129, -50
12, R12I05, 9.394365, -53.61996, -50
12, R12I05, 7.604959, -52.57614, -50
12, R12I05, 5.865261, -51.38321, -50
12, R12I05, 4.125563, -50.33939, -50
12, R12I05, 2.211908, -49.14645, -50
12, R12I05, 0.5219033, -47.58072, -50
12, R12I05, -0.5219033, -45.84103, -50
12, R12I05, -1.64028, -44.10133, -50
12, R12I05, -3.305423, -42.61016, -50
12, R12I05, -5.24394, -41.98884, -50
12, R12I05, -7.281875, -41.44208, -50
12, R12I05, -9.270101, -40.77105, -50
12, R12I05, -11.58141, -40.02547, -50
12, R12I05, -13.71876, -39.30473, -50
12, R12I05, -15.73184, -38.584, -50
12, R12I05, -17.74492, -37.6893, -50
12, R12I05, -19.73315, -36.64548, -50
12, R12I05, -21.77107, -35.82534, -50
12, R12I05, -23.73445, -35.37799, -50
12, R12I05, -25.89665, -34.93064, -50
12, R12I05, -27.98428, -34.60755, -50
12, R12I05, -30.27074, -34.33417, -50
12, R12I05, -32.45778, -33.93652, -50
12, R12I05, -34.64484, -33.51403, -50
12, R12I05, -36.83189, -33.04182, -50
12, R12I05, -38.84496, -32.17197, -50
12, R12I05, -40.65922, -30.60625, -50
12, R12I05, -42.37407, -29.18963, -50
12, R12I05, -43.9895, -28.02155, -50
12, R12I05, -45.92802, -26.95288, -50
12, R12I05, -48.06537, -26.13274, -50
12, R12I05, -50.20271, -25.43686, -50
12, R12I05, -52.36491, -24.69128, -50
12, R12I05, -54.67622, -24.19422, -50
12, R12I05, -56.78871, -23.92084, -50
12, R12I05, -58.87635, -23.79657, -50
12, R12I05, -61.1628, -24.06996, -50
12, R12I05, -63.20073, -24.34333, -50
12, R12I05, -65.5369, -24.86524, -50
12, R12I05, -67.79851, -25.08891, -50
12, R12I05, -70.01041, -25.3623, -50
12, R12I05, -72.14775, -25.90906, -50
12, R12I05, -74.43421, -26.10788, -50
12, R12I05, -76.37273, -26.6795, -50
12, R12I05, -78.46037, -26.43097, -50
12, R12I05, -80.49831, -25.88421, -50
12, R12I05, -82.38712, -25.23803, -50
12, R12I05, -84.32564, -24.14451, -50
12, R12I05, -85.96593, -22.90187, -50
12, R12I05, -87.43224, -21.31128, -50
12, R12I05, -88.72459, -19.59645, -50
12, R12I05, -89.74355, -17.83189, -50
12, R12I05, -90.48914, -15.64484, -50
12, R12I05, -91.23472, -13.23411, -50
12, R12I05, -91.9803, -11.19619, -50
12, R12I05, -92.4028, -8.835176, -50
12, R12I05, -92.8253, -6.598422, -50
12, R12I05, -93.17325, -4.187695, -50
12, R12I05, -93.39692, -2.199469, -50
12, R12I05, -93.52118, 6.214723E-02, -50
12, R12I05, -93.54604, 2.348595, -50
12, R12I05, -93.44662, 4.485947, -50
12, R12I05, -93.04899, 6.672993, -50
12, R12I05, -92.67619, 8.686066, -50
12, R12I05, -92.17914, 10.92282, -50
12, R12I05, -91.53295, 13.33355, -50
12, R12I05, -91.01105, 15.29693, -50
12, R12I05, -90.46429, 17.40942, -50
12, R12I05, -89.84296, 19.29823, -50
12, R12I05, -88.89856, 21.65924, -50
12, R12I05, -87.979, 23.72202, -50
12, R12I05, -87.0346, 25.6357, -50
12, R12I05, -86.04049, 27.49966, -50
12, R12I05, -85.04637, 29.31391, -50
12, R12I05, -83.85344, 31.37671, -50
12, R12I05, -82.73506, 33.04184, -50
12, R12I05, -81.59183, 34.80639, -50
12, R12I05, -80.34918, 36.49638, -50
12, R12I05, -78.85801, 38.3355, -50
12, R12I05, -77.59052, 39.92607, -50
12, R12I05, -75.95023, 41.61606, -50
12, R12I05, -74.11113, 42.78415, -50
12, R12I05, -72.02348, 43.62915, -50
12, R12I05, -69.98555, 44.39958, -50
12, R12I05, -67.94763, 45.21972, -50
12, R12I05, -65.85999, 46.13928, -50
12, R12I05, -63.67294, 46.98428, -50
12, R12I05, -61.70956, 47.55589, -50
12, R12I05, -59.57223, 48.05295, -50
12, R12I05, -57.08694, 48.67427, -50
12, R12I05, -55.07386, 49.09677, -50
12, R12I05, -52.86197, 49.37014, -50
12, R12I05, -50.42639, 49.61867, -50
12, R12I05, -48.36359, 49.61867, -50
12, R12I05, -46.00257, 49.61867, -50
12, R12I05, -43.91495, 49.61867, -50
12, R12I05, -41.7279, 49.56896, -50
12, R12I05, -39.24262, 49.39501, -50
12, R12I05, -37.22953, 49.24588, -50
12, R12I05, -34.84367, 48.79853, -50
12, R12I05, -32.50749, 48.05295, -50
12, R12I05, -30.395, 47.1831, -50
12, R12I05, -28.20796, 46.23869, -50
12, R12I05, -26.12031, 45.29429, -50
12, R12I05, -24.10724, 44.20076, -50
12, R12I05, -22.04446, 43.1818, -50
12, R12I05, -20.25505, 42.31195, -50
12, R12I05, -18.31654, 41.26813, -50
12, R12I05, -16.40286, 40.27402, -50
12, R12I05, -14.61346, 39.32961, -50
12, R12I05, -12.82405, 38.23608, -50
12, R12I05, -11.05951, 37.16741, -50
12, R12I05, -9.145837, 36.02417, -50
12, R12I05, -7.455848, 34.80639, -50
12, R12I05, -5.740997, 33.68802, -50
12, R12I05, -3.926744, 32.54478, -50
12, R12I05, -2.037935, 31.35184, -50
12, R12I05, -9.941737E-02, 30.35773, -50
12, R12I05, 1.963379, 29.43818, -50
12, R12I05, 4.100716, 28.61803, -50
12, R12I05, 5.964678, 27.77305, -50
12, R12I05, 8.002613, 26.85349, -50
12, R12I05, 9.965977, 25.98364, -50
12, R12I05, 11.78025, 25.08893, -50
12, R12I05, 13.81816, 24.39305, -50
12, R12I05, 16.00523, 23.59776, -50
12, R12I05, 18.04315, 22.90188, -50
12, R12I05, 20.03137, 22.47938, -50
12, R12I05, 22.31783, 22.40483, -50
12, R12I05, 24.43032, 22.42969, -50
12, R12I05, 26.56768, 22.33027, -50
12, R12I05, 28.63044, 21.90777, -50
12, R12I05, 30.66839, 21.33616, -50
12, R12I05, 33.00457, 20.88881, -50
12, R12I05, 35.06733, 20.19294, -50
12, R12I05, 36.90644, 19.32309, -50
12, R12I05, 38.72071, 17.85676, -50
12, R12I05, 39.86394, 15.84369, -50
12, R12I05, 40.11246, 13.8306, -50
12, R12I05, 39.01894, 12.09091, -50
12, R12I05, 37.62719, 10.35121, -50
12, R12I05, 37.97513, 8.387844, -50
12, R12I05, 40.0379, 9.456512, -50
12, R12I05, 42.00127, 10.3015, -50
12, R12I05, 44.0392, 10.35121, -50
12, R12I05, 44.16346, 8.313273, -50
12, R12I05, 43.04508, 6.623284, -50
12, R12I05, 41.82732, 5.032712, -50
12, R12I05, 40.73379, 3.342708, -50
12, R12I05, 39.6651, 1.578164, -50
12, R12I05, 38.86983, -0.3355071, -50
12, R12I05, 38.64614, -1.32962, -50
12, R12I05, 38.12424, -3.243291, -50
12, R12I05, 38.54673, -3.44211, -60
12, R12I05, 38.44731, -5.430336, -60
12, R12I05, 37.87571, -7.418562, -60
12, R12I05, 38.42246, -9.332233, -60
12, R12I05, 40.13731, -10.47546, -60
12, R12I05, 40.95747, -12.43884, -60
12, R12I05, 40.33615, -14.4022, -60
12, R12I05, 39.4663, -16.44014, -60
12, R12I05, 38.67099, -18.47807, -60
12, R12I05, 38.42246, -20.68996, -60
12, R12I05, 39.56569, -22.40481, -60
12, R12I05, 40.70894, -24.29363, -60
12, R12I05, 40.98232, -26.43097, -60
12, R12I05, 40.41069, -28.4192, -60
12, R12I05, 38.89467, -29.91037, -60
12, R12I05, 37.0804, -31.22757, -60
12, R12I05, 35.1419, -32.51992, -60
12, R12I05, 33.22821, -33.83711, -60
12, R12I05, 31.61278, -35.07975, -60
12, R12I05, 29.89796, -36.3721, -60
12, R12I05, 27.98428, -37.81356, -60
12, R12I05, 26.17002, -39.10592, -60
12, R12I05, 24.35577, -40.49767, -60
12, R12I05, 22.66578, -41.74031, -60
12, R12I05, 20.75211, -43.15692, -60
12, R12I05, 19.06212, -44.37471, -60
12, R12I05, 17.24787, -45.39368, -60
12, R12I05, 15.23478, -46.31324, -60
12, R12I05, 13.32111, -47.00911, -60
12, R12I05, 11.28319, -47.50617, -60
12, R12I05, 9.145837, -47.63043, -60
12, R12I05, 6.884236, -47.43161, -60
12, R12I05, 4.871148, -47.13337, -60
12, R12I05, 2.78352, -46.46235, -60
12, R12I05, 0.6461674, -45.56765, -60
12, R12I05, -1.391752, -44.34985, -60
12, R12I05, -2.907784, -42.58531, -60
12, R12I05, -4.324398, -41.11899, -60
12, R12I05, -6.014387, -39.429, -60
12, R12I05, -7.729223, -38.1615, -60
12, R12I05, -9.667755, -37.01827, -60
12, R12I05, -11.73054, -36.22298, -60
12, R12I05, -13.6939, -35.77563, -60
12, R12I05, -16.10463, -35.35314, -60
12, R12I05, -18.06801, -34.98034, -60
12, R12I05, -20.1805, -34.5827, -60
12, R12I05, -22.31783, -34.13535, -60
12, R12I05, -24.33092, -33.76256, -60
12, R12I05, -26.7665, -33.29035, -60
12, R12I05, -28.72986, -32.81815, -60
12, R12I05, -30.69324, -32.39565, -60
12, R12I05, -32.73117, -31.8986, -60
12, R12I05, -34.86851, -31.22757, -60
12, R12I05, -37.08042, -30.45713, -60
12, R12I05, -38.89467, -29.43816, -60
12, R12I05, -40.60952, -28.12096, -60
12, R12I05, -42.29951, -26.80377, -60
12, R12I05, -43.96465, -25.03922, -60
12, R12I05, -44.78479, -23.20011, -60
12, R12I05, -45.23214, -21.26159, -60
12, R12I05, -45.55523, -19.09939, -60
12, R12I05, -45.35641, -16.93719, -60
12, R12I05, -45.13272, -14.8247, -60
12, R12I05, -47.07126, -14.02941, -60
12, R12I05, -49.2583, -14.05427, -60
12, R12I05, -51.39564, -14.22823, -60
12, R12I05, -53.48328, -14.37735, -60
12, R12I05, -55.69518, -14.75015, -60
12, R12I05, -57.78282, -15.2472, -60
12, R12I05, -59.72134, -16.26616, -60
12, R12I05, -61.80898, -17.16087, -60
12, R12I05, -63.67294, -17.8816, -60
12, R12I05, -65.83514, -18.7266, -60
12, R12I05, -67.84821, -19.34792, -60
12, R12I05, -70.03526, -20.0935, -60
12, R12I05, -72.34657, -20.71482, -60
12, R12I05, -74.75729, -21.06275, -60
12, R12I05, -76.91949, -21.21188, -60
12, R12I05, -78.83317, -20.66512, -60
12, R12I05, -80.67226, -19.79527, -60
12, R12I05, -82.11374, -18.27925, -60
12, R12I05, -83.67947, -16.76322, -60
12, R12I05, -85.02151, -15.2472, -60
12, R12I05, -86.13988, -13.53235, -60
12, R12I05, -86.96004, -11.51928, -60
12, R12I05, -87.75532, -9.058843, -60
12, R12I05, -88.45121, -6.871797, -60
12, R12I05, -89.14709, -4.759307, -60
12, R12I05, -89.79326, -2.447997, -60
12, R12I05, -90.09149, -0.4597712, -60
12, R12I05, -90.2406, 1.801845, -60
12, R12I05, -90.26546, 4.162863, -60
12, R12I05, -90.34002, 6.200783, -60
12, R12I05, -90.38973, 8.41269, -60
12, R12I05, -90.36487, 10.87313, -60
12, R12I05, -90.34002, 12.96075, -60
12, R12I05, -90.21576, 15.07325, -60
12, R12I05, -90.11634, 17.28515, -60
12, R12I05, -89.76841, 19.32309, -60
12, R12I05, -89.17194, 21.48527, -60
12, R12I05, -88.42635, 23.67233, -60
12, R12I05, -87.63106, 25.85938, -60
12, R12I05, -86.88548, 27.8476, -60
12, R12I05, -86.13988, 29.73641, -60
12, R12I05, -85.22034, 31.94832, -60
12, R12I05, -84.32564, 33.86199, -60
12, R12I05, -83.03329, 36.04903, -60
12, R12I05, -81.69124, 37.58991, -60
12, R12I05, -80.00125, 38.95682, -60
12, R12I05, -77.8639, 40.00063, -60
12, R12I05, -75.90054, 40.82078, -60
12, R12I05, -73.66378, 41.49179, -60
12, R12I05, -71.67555, 41.74032, -60
12, R12I05, -69.71217, 41.31784, -60
12, R12I05, -67.84821, 40.52254, -60
12, R12I05, -65.93454, 39.67754, -60
12, R12I05, -64.04574, 38.93196, -60
12, R12I05, -61.98295, 38.58403, -60
12, R12I05, -59.87046, 38.53432, -60
12, R12I05, -57.85738, 38.55917, -60
12, R12I05, -56.09283, 37.34138, -60
12, R12I05, -54.30342, 36.07388, -60
12, R12I05, -52.58857, 34.63242, -60
12, R12I05, -50.67492, 33.86199, -60
12, R12I05, -48.68669, 33.24067, -60
12, R12I05, -46.5742, 33.36493, -60
12, R12I05, -44.53627, 34.23478, -60
12, R12I05, -42.47348, 35.15432, -60
12, R12I05, -40.53495, 35.87506, -60
12, R12I05, -38.69585, 36.79462, -60
12, R12I05, -36.981, 37.81358, -60
12, R12I05, -35.06733, 39.00651, -60
12, R12I05, -33.05426, 39.30475, -60
12, R12I05, -31.11574, 38.8574, -60
12, R12I05, -28.95354, 38.13667, -60
12, R12I05, -26.91561, 37.1177, -60
12, R12I05, -24.95224, 36.24786, -60
12, R12I05, -23.11313, 35.27859, -60
12, R12I05, -21.34858, 33.83713, -60
12, R12I05, -19.78284, 32.22169, -60
12, R12I05, -18.26683, 30.68082, -60
12, R12I05, -17.52124, 28.49377, -60
12, R12I05, -17.29756, 26.18246, -60
12, R12I05, -17.32242, 24.02026, -60
12, R12I05, -17.27271, 21.93263, -60
12, R12I05, -17.22301, 19.54675, -60
12, R12I05, -16.72595, 17.40942, -60
12, R12I05, -15.3342, 15.89338, -60
12, R12I05, -13.07258, 16.16677, -60
12, R12I05, -11.25833, 17.43426, -60
12, R12I05, -10.01569, 19.59646, -60
12, R12I05, -9.021573, 21.60954, -60
12, R12I05, -8.052321, 23.49836, -60
12, R12I05, -6.983638, 25.18835, -60
12, R12I05, -5.790705, 27.02746, -60
12, R12I05, -4.548064, 28.69259, -60
12, R12I05, -2.559838, 29.41333, -60
12, R12I05, -0.4970565, 28.96598, -60
12, R12I05, 1.29235, 27.69848, -60
12, R12I05, 2.882922, 26.28188, -60
12, R12I05, 4.473509, 24.61674, -60
12, R12I05, 5.840414, 23.05101, -60
12, R12I05, 7.207319, 21.28645, -60
12, R12I05, 8.474808, 19.62131, -60
12, R12I05, 9.618047, 17.98103, -60
12, R12I05, 11.08435, 16.39044, -60
12, R12I05, 13.07258, 15.27206, -60
12, R12I05, 15.06081, 15.19751, -60
12, R12I05, 17.1733, 15.69457, -60
12, R12I05, 19.43491, 16.48986, -60
12, R12I05, 21.62196, 16.73839, -60
12, R12I05, 23.75929, 16.11707, -60
12, R12I05, 24.57945, 14.22826, -60
12, R12I05, 24.72856, 12.16546, -60
12, R12I05, 25.39959, 10.07783, -60
12, R12I05, 26.66709, 8.313273, -60
12, R12I05, 28.70501, 7.865925, -60
12, R12I05, 30.84235, 8.015052, -60
12, R12I05, 32.97969, 7.940481, -60
12, R12I05, 34.69454, 6.474173, -60
12, R12I05, 35.78807, 4.759322, -60
12, R12I05, 36.83187, 2.945069, -60
12, R12I05, 37.62719, 1.081107, -60
12, R12I05, 38.37277, -0.7828549, -60
12, R12I05, 38.44731, -1.553286, -60
12, R12I05, 38.54673, -3.44211, -60
12, R12I05, 6.909082, -4.162833, -70
12, R12I05, 8.325697, -5.579447, -70
12, R12I05, 8.797906, -7.691937, -70
12, R12I05, 8.797906, -9.754719, -70
12, R12I05, 8.151724, -11.7181, -70
12, R12I05, 7.431001, -13.73117, -70
12, R12I05, 6.262915, -15.69455, -70
12, R12I05, 4.771746, -17.75733, -70
12, R12I05, 3.479396, -19.32306, -70
12, R12I05, 1.64028, -20.73967, -70
12, R12I05, -7.455544E-02, -22.08173, -70
12, R12I05, -1.913671, -23.44864, -70
12, R12I05, -3.777632, -24.84039, -70
12, R12I05, -5.591886, -25.7848, -70
12, R12I05, -7.505557, -26.75406, -70
12, R12I05, -9.667755, -27.69846, -70
12, R12I05, -11.75538, -28.22037, -70
12, R12I05, -13.71876, -28.8914, -70
12, R12I05, -15.68213, -29.51272, -70
12, R12I05, -17.81948, -29.86066, -70
12, R12I05, -19.78284, -30.60625, -70
12, R12I05, -21.77107, -31.40154, -70
12, R12I05, -23.63503, -32.09742, -70
12, R12I05, -25.9712, -32.74359, -70
12, R12I05, -27.95943, -32.76844, -70
12, R12I05, -29.84824, -31.12816, -70
12, R12I05, -30.96662, -29.33875, -70
12, R12I05, -32.15956, -27.54935, -70
12, R12I05, -33.70042, -26.20729, -70
12, R12I05, -35.48983, -25.08891, -70
12, R12I05, -37.42835, -24.21907, -70
12, R12I05, -39.68996, -23.52319, -70
12, R12I05, -41.75275, -23.00128, -70
12, R12I05, -43.86524, -22.7279, -70
12, R12I05, -45.87831, -22.55393, -70
12, R12I05, -47.84169, -22.10658, -70
12, R12I05, -49.78021, -21.58467, -70
12, R12I05, -51.76843, -20.73967, -70
12, R12I05, -53.38387, -19.2485, -70
12, R12I05, -53.70695, -17.13601, -70
12, R12I05, -53.45842, -15.09808, -70
12, R12I05, -53.08563, -13.13471, -70
12, R12I05, -52.58857, -10.97251, -70
12, R12I05, -52.81226, -8.68605, -70
12, R12I05, -53.43357, -6.747533, -70
12, R12I05, -53.60755, -4.535625, -70
12, R12I05, -52.91167, -2.423135, -70
12, R12I05, -51.24653, -1.05623, -70
12, R12I05, -49.33286, -0.1615343, -70
12, R12I05, -47.64287, 1.006552, -70
12, R12I05, -47.4689, 3.268153, -70
12, R12I05, -48.51272, 4.983004, -70
12, R12I05, -49.28315, 7.020938, -70
12, R12I05, -49.13404, 9.08372, -70
12, R12I05, -48.09022, 11.12165, -70
12, R12I05, -46.40023, 12.24003, -70
12, R12I05, -44.38714, 13.3087, -70
12, R12I05, -42.32436, 14.30281, -70
12, R12I05, -40.0876, 14.87442, -70
12, R12I05, -37.80114, 14.97384, -70
12, R12I05, -35.34072, 14.65074, -70
12, R12I05, -33.4022, 14.00458, -70
12, R12I05, -31.58793, 12.53825, -70
12, R12I05, -30.04707, 10.84826, -70
12, R12I05, -28.45649, 9.655332, -70
12, R12I05, -26.44341, 10.2021, -70
12, R12I05, -24.57945, 11.24592, -70
12, R12I05, -22.64092, 12.19032, -70
12, R12I05, -20.603, 12.09091, -70
12, R12I05, -18.63962, 11.19621, -70
12, R12I05, -16.50228, 10.42576, -70
12, R12I05, -14.68801, 9.357095, -70
12, R12I05, -12.84891, 8.288426, -70
12, R12I05, -11.03466, 7.294313, -70
12, R12I05, -9.071281, 6.573575, -70
12, R12I05, -6.933944, 5.827991, -70
12, R12I05, -5.144538, 4.858739, -70
12, R12I05, -3.280576, 3.765209, -70
12, R12I05, -1.441461, 2.671694, -70
12, R12I05, 0.3230837, 1.60301, -70
12, R12I05, 2.435574, 0.3852309, -70
12, R12I05, 4.22498, -0.633744, -70
12, R12I05, 6.088943, -1.901232, -70
12, R12I05, 6.610846, -2.5474, -70
12, R12I05, 6.909082, -4.162833, -70
