-15.45 -120.75 -1.35 0 0 0 
-15.45 -120.75 -0.45 0 0 0 
-13.95 -120.45 -0.75 0 0 0 
-15.75 -119.55 -1.65 0 0 0 
-15.45 -119.85 -1.05 0 0 0 
-16.35 -116.85 -1.35 0 0 0 
-15.75 -117.45 -0.75 0 0 0 
-14.85 -115.95 -0.75 0 0 0 
-10.95 -118.95 -0.75 0 0 0 
-11.25 -118.05 -0.75 0 0 0 
-10.35 -118.65 -0.15 0 0 0 
-12.45 -115.35 -0.15 0 0 0 
-10.65 -116.85 -0.15 0 0 0 
-8.55 -121.05 -0.75 0 0 0 
-8.85 -119.55 -0.45 0 0 0 
-6.75 -119.85 -0.45 0 0 0 
-7.95 -117.15 -0.75 0 0 0 
-6.75 -116.85 -0.75 0 0 0 
-6.45 -115.65 -0.45 0 0 0 
-1.05 -119.25 -0.45 0 0 0 
-2.55 -116.85 -0.45 0 0 0 
-1.35 -116.85 -0.45 0 0 0 
-15.75 -114.15 -1.35 0 0 0 
-14.85 -113.25 -1.35 0 0 0 
-15.75 -113.25 -1.05 0 0 0 
-15.45 -111.75 -1.35 0 0 0 
-14.85 -112.05 -1.05 0 0 0 
-13.35 -115.05 -1.05 0 0 0 
-11.25 -115.05 -0.45 0 0 0 
-12.45 -112.05 -0.45 0 0 0 
-11.55 -111.75 -0.45 0 0 0 
-14.55 -109.65 -1.65 0 0 0 
-15.45 -109.95 -0.15 0 0 0 
-14.85 -106.35 -1.65 0 0 0 
-14.25 -109.65 -1.35 0 0 0 
-14.25 -109.05 -0.75 0 0 0 
-11.85 -108.75 -0.45 0 0 0 
-14.25 -107.25 -0.75 0 0 0 
-11.85 -106.95 -0.75 0 0 0 
-2.25 -115.05 -0.15 0 0 0 
-14.85 -103.35 -1.65 0 0 0 
-15.15 -103.35 -0.15 0 0 0 
-15.15 -102.45 -0.15 0 0 0 
-13.35 -105.45 -0.45 0 0 0 
-11.25 -104.85 -0.15 0 0 0 
-13.35 -101.85 -1.35 0 0 0 
-12.75 -100.95 -1.05 0 0 0 
-15.75 -100.35 -1.35 0 0 0 
-14.55 -98.85 -0.15 0 0 0 
-16.35 -96.75 -1.05 0 0 0 
-12.45 -99.15 -0.75 0 0 0 
-10.65 -99.15 -0.75 0 0 0 
-11.25 -96.75 -0.75 0 0 0 
-19.95 -90.45 -0.45 0 0 0 
-22.05 -87.45 -0.75 0 0 0 
-20.85 -88.05 -0.45 0 0 0 
-20.25 -87.15 -0.75 0 0 0 
-28.95 -82.05 -0.75 0 0 0 
-32.55 -80.55 -0.45 0 0 0 
-32.85 -80.25 -0.75 0 0 0 
-31.65 -79.65 -0.75 0 0 0 
-29.85 -81.45 -0.45 0 0 0 
-32.85 -78.75 -0.75 0 0 0 
-31.95 -79.05 -0.45 0 0 0 
-31.65 -77.85 -0.75 0 0 0 
-30.75 -78.45 -1.05 0 0 0 
-30.45 -77.85 -0.15 0 0 0 
-24.75 -85.05 -0.45 0 0 0 
-27.45 -82.35 -0.75 0 0 0 
-25.35 -83.85 -0.15 0 0 0 
-22.35 -85.65 -0.75 0 0 0 
-19.35 -86.25 -0.15 0 0 0 
-17.25 -95.85 -1.05 0 0 0 
-15.75 -94.35 -1.05 0 0 0 
-18.75 -92.25 -1.05 0 0 0 
-15.45 -93.15 -0.15 0 0 0 
-13.65 -94.35 -0.75 0 0 0 
-13.95 -92.85 -0.75 0 0 0 
-13.65 -91.65 -0.45 0 0 0 
-17.55 -88.95 -0.75 0 0 0 
-15.15 -89.85 -0.75 0 0 0 
-19.05 -88.35 -0.15 0 0 0 
-18.15 -87.15 -0.15 0 0 0 
-16.65 -88.05 -0.45 0 0 0 
-14.25 -90.75 -0.15 0 0 0 
-31.65 -76.65 -0.75 0 0 0 
-30.75 -75.75 -0.75 0 0 0 
-30.15 -75.45 -0.75 0 0 0 
-30.75 -73.35 -1.65 0 0 0 
-29.25 -69.15 -1.65 0 0 0 
-27.45 -74.55 -0.15 0 0 0 
-26.55 -72.15 -0.15 0 0 0 
-24.75 -72.15 -0.15 0 0 0 
-24.45 -71.55 -0.75 0 0 0 
-28.65 -67.95 -0.45 0 0 0 
-21.45 -70.35 -1.35 0 0 0 
-22.65 -65.85 -0.75 0 0 0 
-9.45 -55.95 -0.15 0 0 0 
-8.55 -49.65 -0.45 0 0 0 
-8.25 -46.95 -0.75 0 0 0 
-7.65 -41.55 -0.75 0 0 0 
-0.45 -36.75 -0.75 0 0 0 
1.05 -118.35 -0.75 0 0 0 
1.65 -116.25 -0.45 0 0 0 
6.75 -116.55 -0.45 0 0 0 
2.55 -114.15 -0.15 0 0 0 
4.65 -110.55 -0.45 0 0 0 
3.75 -110.25 -0.75 0 0 0 
4.95 -110.25 -0.75 0 0 0 
5.25 -107.55 -0.45 0 0 0 
3.75 -104.55 -0.15 0 0 0 
4.05 -102.15 -0.45 0 0 0 
2.55 -100.05 -0.15 0 0 0 
2.85 -96.75 -0.15 0 0 0 
3.75 -93.15 -0.15 0 0 0 
4.95 -90.15 -0.15 0 0 0 
6.15 -86.85 -0.15 0 0 0 
8.25 -85.05 -0.45 0 0 0 
10.95 -82.05 -0.15 0 0 0 
13.35 -80.25 -0.45 0 0 0 
16.35 -78.15 -0.45 0 0 0 
28.95 -87.75 -1.05 0 0 0 
36.45 -87.15 -0.75 0 0 0 
37.65 -87.15 -1.05 0 0 0 
37.65 -84.45 -1.35 0 0 0 
37.65 -84.75 -0.45 0 0 0 
39.45 -85.95 -1.05 0 0 0 
40.05 -85.65 -0.75 0 0 0 
40.65 -84.45 -1.05 0 0 0 
38.55 -83.25 -1.05 0 0 0 
40.05 -83.85 -0.45 0 0 0 
40.65 -82.65 -1.05 0 0 0 
41.25 -82.05 -1.05 0 0 0 
40.05 -81.45 -0.15 0 0 0 
40.35 -79.35 -0.45 0 0 0 
41.55 -79.35 -0.45 0 0 0 
40.05 -77.55 -0.75 0 0 0 
16.65 -76.65 -1.65 0 0 0 
18.15 -58.05 -1.65 0 0 0 
19.35 -74.85 -1.65 0 0 0 
22.35 -73.95 -1.65 0 0 0 
24.75 -73.35 -1.65 0 0 0 
27.75 -73.35 -0.15 0 0 0 
35.85 -73.05 -1.35 0 0 0 
35.85 -72.75 -0.15 0 0 0 
36.75 -73.65 -0.75 0 0 0 
36.15 -73.05 -1.05 0 0 0 
33.45 -70.95 -0.45 0 0 0 
33.15 -70.35 -0.45 0 0 0 
31.05 -69.15 -1.05 0 0 0 
29.85 -68.25 -0.45 0 0 0 
31.35 -69.45 -1.35 0 0 0 
34.35 -71.85 -0.75 0 0 0 
23.55 -62.55 -1.35 0 0 0 
28.65 -66.75 -1.35 0 0 0 
28.65 -66.45 -1.05 0 0 0 
27.15 -65.25 -0.75 0 0 0 
25.35 -63.75 -1.35 0 0 0 
25.95 -64.35 -0.45 0 0 0 
21.15 -60.15 -0.75 0 0 0 
22.05 -61.35 -1.05 0 0 0 
22.05 -60.75 -1.05 0 0 0 
19.95 -59.55 -0.45 0 0 0 
29.25 -67.05 -0.15 0 0 0 
8.25 -48.75 -0.15 0 0 0 
13.65 -53.55 -0.75 0 0 0 
14.85 -55.35 -1.05 0 0 0 
17.25 -57.15 -1.05 0 0 0 
14.55 -54.45 -1.65 0 0 0 
10.35 -51.15 -1.35 0 0 0 
10.95 -50.85 -0.75 0 0 0 
10.05 -49.35 -0.15 0 0 0 
7.35 -47.85 -1.65 0 0 0 
38.85 -75.45 -1.65 0 0 0 
40.05 -76.65 -0.45 0 0 0 
-15.15 -120.45 0.45 0 0 0 
-14.55 -118.35 1.05 0 0 0 
-14.85 -115.35 3.45 0 0 0 
-12.75 -118.05 1.95 0 0 0 
-10.05 -118.95 0.75 0 0 0 
-10.95 -117.75 1.05 0 0 0 
-10.05 -119.55 1.65 0 0 0 
-10.05 -117.75 2.25 0 0 0 
-12.45 -117.45 1.35 0 0 0 
-11.55 -117.45 0.15 0 0 0 
-11.55 -116.85 1.05 0 0 0 
-10.95 -115.95 0.45 0 0 0 
-10.65 -116.25 0.45 0 0 0 
-11.55 -117.45 1.65 0 0 0 
-10.05 -117.15 1.35 0 0 0 
-11.25 -115.35 1.35 0 0 0 
-9.75 -115.65 1.35 0 0 0 
-11.55 -118.65 2.85 0 0 0 
-14.25 -116.25 2.55 0 0 0 
-10.95 -116.55 2.55 0 0 0 
-11.25 -116.25 2.55 0 0 0 
-10.05 -116.25 2.85 0 0 0 
-11.25 -115.65 3.75 0 0 0 
-9.75 -116.25 4.65 0 0 0 
-9.45 -120.15 0.75 0 0 0 
-1.05 -120.45 0.45 0 0 0 
-9.15 -118.35 0.75 0 0 0 
-9.15 -118.65 2.25 0 0 0 
-4.95 -119.25 0.45 0 0 0 
-5.85 -119.25 1.35 0 0 0 
-4.95 -117.75 1.95 0 0 0 
-7.35 -116.55 0.15 0 0 0 
-9.45 -115.35 1.05 0 0 0 
-7.35 -115.95 1.05 0 0 0 
-9.15 -115.65 1.95 0 0 0 
-6.75 -117.45 0.45 0 0 0 
-6.15 -115.35 0.15 0 0 0 
-5.85 -116.25 0.75 0 0 0 
-6.15 -115.35 1.65 0 0 0 
-7.95 -118.05 3.45 0 0 0 
-8.85 -116.85 2.85 0 0 0 
-9.15 -116.25 3.75 0 0 0 
-5.55 -115.35 2.85 0 0 0 
-3.75 -119.25 0.15 0 0 0 
-4.65 -119.55 1.35 0 0 0 
-3.45 -117.75 1.95 0 0 0 
-1.95 -119.55 1.35 0 0 0 
-4.65 -116.55 0.15 0 0 0 
-4.65 -116.25 0.75 0 0 0 
-2.55 -115.35 0.45 0 0 0 
-2.85 -116.55 1.35 0 0 0 
-2.85 -115.95 2.25 0 0 0 
-0.15 -116.55 0.45 0 0 0 
-0.45 -115.95 0.15 0 0 0 
-0.75 -117.45 2.25 0 0 0 
-3.75 -118.35 3.15 0 0 0 
-2.55 -115.35 2.55 0 0 0 
-1.65 -115.35 3.15 0 0 0 
-15.75 -115.05 1.35 0 0 0 
-13.35 -114.45 1.05 0 0 0 
-12.15 -114.45 1.35 0 0 0 
-11.25 -114.75 0.45 0 0 0 
-11.55 -112.95 0.15 0 0 0 
-11.25 -114.75 1.95 0 0 0 
-10.65 -114.15 2.25 0 0 0 
-10.95 -113.25 2.25 0 0 0 
-11.85 -112.65 0.45 0 0 0 
-11.55 -110.85 0.15 0 0 0 
-10.95 -111.75 1.35 0 0 0 
-10.95 -110.55 1.65 0 0 0 
-12.15 -113.85 2.85 0 0 0 
-11.55 -115.05 2.55 0 0 0 
-11.25 -114.15 3.15 0 0 0 
-11.55 -113.25 2.55 0 0 0 
-10.35 -113.55 3.15 0 0 0 
-10.95 -114.45 4.65 0 0 0 
-10.95 -113.25 3.75 0 0 0 
-10.65 -113.25 3.75 0 0 0 
-13.35 -112.35 4.05 0 0 0 
-11.85 -112.35 3.15 0 0 0 
-11.85 -110.55 3.15 0 0 0 
-11.55 -112.05 4.35 0 0 0 
-10.65 -111.45 4.05 0 0 0 
-15.15 -106.65 1.95 0 0 0 
-12.45 -108.15 0.45 0 0 0 
-10.95 -109.65 1.05 0 0 0 
-10.65 -108.45 0.45 0 0 0 
-10.65 -109.95 1.95 0 0 0 
-10.65 -108.15 2.25 0 0 0 
-11.85 -107.85 0.75 0 0 0 
-11.55 -106.65 0.75 0 0 0 
-10.95 -107.85 2.25 0 0 0 
-11.55 -106.05 1.95 0 0 0 
-13.65 -109.35 4.05 0 0 0 
-11.25 -109.65 3.45 0 0 0 
-10.65 -109.05 3.15 0 0 0 
-10.35 -109.65 4.05 0 0 0 
-10.65 -108.15 4.05 0 0 0 
-10.95 -107.55 2.55 0 0 0 
-10.35 -106.65 2.55 0 0 0 
-10.35 -107.55 4.05 0 0 0 
-10.65 -105.75 3.75 0 0 0 
-13.95 -112.95 5.55 0 0 0 
-10.35 -114.75 4.95 0 0 0 
-9.75 -113.25 4.95 0 0 0 
-9.75 -113.55 6.15 0 0 0 
-13.65 -110.55 4.95 0 0 0 
-12.15 -110.55 6.75 0 0 0 
-10.35 -111.75 5.85 0 0 0 
-10.65 -111.15 5.85 0 0 0 
-9.75 -111.75 6.45 0 0 0 
-10.05 -111.15 6.45 0 0 0 
-11.55 -113.55 7.35 0 0 0 
-10.95 -111.45 7.35 0 0 0 
-12.15 -108.15 4.95 0 0 0 
-11.25 -109.95 5.25 0 0 0 
-10.95 -108.75 5.25 0 0 0 
-11.25 -109.65 6.45 0 0 0 
-10.95 -108.45 6.45 0 0 0 
-13.05 -107.25 5.85 0 0 0 
-11.85 -107.25 5.25 0 0 0 
-10.05 -106.35 4.95 0 0 0 
-10.65 -106.95 6.45 0 0 0 
-10.35 -106.65 7.05 0 0 0 
-8.55 -115.05 1.95 0 0 0 
-7.35 -114.75 1.95 0 0 0 
-6.45 -114.45 1.95 0 0 0 
-9.15 -114.15 2.55 0 0 0 
-8.25 -114.45 3.45 0 0 0 
-9.45 -114.45 3.75 0 0 0 
-7.35 -115.05 4.65 0 0 0 
-6.75 -114.75 2.55 0 0 0 
-5.25 -114.75 2.85 0 0 0 
-5.55 -113.85 2.85 0 0 0 
-6.15 -114.15 4.05 0 0 0 
-6.15 -112.95 3.75 0 0 0 
-5.25 -112.65 2.85 0 0 0 
-4.35 -115.05 1.05 0 0 0 
-4.35 -114.45 1.95 0 0 0 
-1.95 -115.05 0.45 0 0 0 
-0.45 -114.75 1.05 0 0 0 
-1.65 -114.15 2.25 0 0 0 
-3.75 -114.75 2.55 0 0 0 
-2.85 -114.45 3.45 0 0 0 
-2.55 -113.55 3.15 0 0 0 
-4.05 -113.25 4.05 0 0 0 
-0.45 -114.75 2.85 0 0 0 
-1.05 -113.85 2.85 0 0 0 
-0.45 -114.45 4.35 0 0 0 
-2.55 -111.75 4.35 0 0 0 
-1.35 -111.45 4.05 0 0 0 
-0.45 -105.75 2.25 0 0 0 
-2.25 -109.95 4.65 0 0 0 
-2.25 -108.45 4.65 0 0 0 
-4.05 -105.75 4.65 0 0 0 
-2.25 -106.05 3.45 0 0 0 
-2.25 -107.85 4.65 0 0 0 
-9.45 -113.55 5.85 0 0 0 
-9.15 -112.95 6.75 0 0 0 
-6.45 -113.25 6.75 0 0 0 
-8.85 -111.75 5.85 0 0 0 
-7.65 -111.45 5.85 0 0 0 
-7.35 -111.75 6.15 0 0 0 
-7.35 -110.55 6.45 0 0 0 
-6.45 -112.05 5.55 0 0 0 
-5.85 -110.85 5.85 0 0 0 
-9.15 -113.85 7.35 0 0 0 
-7.95 -110.55 7.35 0 0 0 
-4.65 -111.45 6.45 0 0 0 
-6.15 -109.95 6.45 0 0 0 
-6.75 -108.75 7.05 0 0 0 
-5.85 -107.25 6.15 0 0 0 
-4.65 -106.95 4.95 0 0 0 
-15.45 -103.35 0.45 0 0 0 
-15.45 -102.15 0.15 0 0 0 
-15.45 -101.85 1.35 0 0 0 
-14.55 -102.45 2.85 0 0 0 
-12.75 -103.35 1.35 0 0 0 
-11.25 -104.25 0.45 0 0 0 
-11.25 -104.55 1.65 0 0 0 
-10.95 -103.95 1.95 0 0 0 
-13.05 -102.75 0.75 0 0 0 
-10.95 -103.05 0.45 0 0 0 
-11.85 -100.95 0.45 0 0 0 
-11.85 -102.15 2.25 0 0 0 
-10.95 -101.85 1.95 0 0 0 
-13.65 -104.85 2.55 0 0 0 
-10.65 -104.85 2.55 0 0 0 
-10.05 -103.95 3.15 0 0 0 
-10.65 -104.85 4.35 0 0 0 
-10.65 -103.65 4.35 0 0 0 
-10.95 -102.45 3.15 0 0 0 
-10.35 -101.85 2.85 0 0 0 
-10.65 -102.75 4.35 0 0 0 
-10.35 -101.85 4.65 0 0 0 
-16.05 -99.45 0.75 0 0 0 
-15.45 -99.45 1.95 0 0 0 
-16.35 -97.05 1.05 0 0 0 
-16.05 -97.05 2.25 0 0 0 
-15.15 -99.15 3.75 0 0 0 
-15.75 -97.35 3.75 0 0 0 
-13.95 -100.65 2.25 0 0 0 
-10.65 -100.05 0.15 0 0 0 
-10.65 -98.85 1.05 0 0 0 
-11.85 -99.45 1.95 0 0 0 
-12.75 -96.75 0.15 0 0 0 
-11.85 -97.95 0.15 0 0 0 
-10.95 -96.75 1.05 0 0 0 
-10.65 -97.35 2.25 0 0 0 
-13.95 -99.75 2.85 0 0 0 
-10.95 -100.05 3.15 0 0 0 
-10.65 -98.55 2.85 0 0 0 
-10.65 -100.05 4.65 0 0 0 
-9.75 -99.45 4.65 0 0 0 
-12.45 -96.75 4.05 0 0 0 
-10.95 -96.75 2.55 0 0 0 
-10.95 -97.65 4.35 0 0 0 
-11.55 -96.15 4.65 0 0 0 
-12.15 -105.15 6.75 0 0 0 
-10.35 -104.55 5.55 0 0 0 
-10.05 -105.45 6.15 0 0 0 
-10.65 -104.25 6.75 0 0 0 
-12.15 -100.95 6.75 0 0 0 
-11.25 -101.25 5.55 0 0 0 
-9.75 -102.45 6.45 0 0 0 
-13.05 -100.65 4.95 0 0 0 
-11.55 -99.75 5.55 0 0 0 
-11.55 -98.55 5.55 0 0 0 
-9.75 -100.35 6.75 0 0 0 
-12.15 -97.95 5.85 0 0 0 
-11.25 -97.65 4.95 0 0 0 
-10.95 -96.15 4.95 0 0 0 
-10.65 -97.95 6.45 0 0 0 
-9.75 -97.05 6.75 0 0 0 
-0.15 -102.75 1.95 0 0 0 
-3.45 -105.15 4.35 0 0 0 
-0.75 -105.45 2.55 0 0 0 
-1.05 -104.25 2.55 0 0 0 
-2.85 -103.05 3.45 0 0 0 
-2.55 -101.85 4.05 0 0 0 
-0.75 -102.45 2.85 0 0 0 
-1.05 -101.85 3.45 0 0 0 
-0.15 -99.15 2.25 0 0 0 
-2.55 -99.15 4.05 0 0 0 
-1.35 -99.45 2.85 0 0 0 
-1.65 -100.05 4.05 0 0 0 
-1.35 -97.65 2.85 0 0 0 
-1.95 -96.15 3.15 0 0 0 
-1.95 -96.15 4.35 0 0 0 
-5.55 -105.15 6.45 0 0 0 
-5.85 -101.85 6.15 0 0 0 
-4.65 -101.55 5.55 0 0 0 
-6.15 -97.35 5.85 0 0 0 
-3.45 -98.85 5.25 0 0 0 
-19.35 -90.15 0.75 0 0 0 
-19.95 -88.65 0.45 0 0 0 
-19.65 -87.15 0.75 0 0 0 
-19.95 -86.55 1.35 0 0 0 
-29.85 -80.85 0.15 0 0 0 
-31.35 -77.55 0.15 0 0 0 
-29.25 -76.95 0.15 0 0 0 
-22.05 -85.65 0.45 0 0 0 
-21.15 -85.65 0.75 0 0 0 
-21.15 -84.75 1.05 0 0 0 
-20.55 -85.65 1.35 0 0 0 
-20.85 -84.45 1.35 0 0 0 
-23.25 -82.95 0.15 0 0 0 
-21.15 -82.65 1.05 0 0 0 
-19.35 -83.85 1.95 0 0 0 
-20.25 -81.75 1.65 0 0 0 
-19.35 -84.45 3.75 0 0 0 
-19.35 -81.75 3.15 0 0 0 
-27.45 -79.05 0.45 0 0 0 
-19.95 -81.45 2.25 0 0 0 
-19.65 -79.95 1.95 0 0 0 
-19.95 -78.15 2.25 0 0 0 
-19.65 -80.25 2.55 0 0 0 
-17.25 -94.35 0.45 0 0 0 
-16.95 -94.35 2.25 0 0 0 
-16.65 -94.65 2.25 0 0 0 
-18.45 -91.95 0.45 0 0 0 
-17.25 -93.15 1.95 0 0 0 
-14.55 -92.85 0.15 0 0 0 
-16.65 -91.35 1.35 0 0 0 
-14.55 -95.85 2.85 0 0 0 
-17.55 -92.85 2.85 0 0 0 
-17.85 -91.35 3.15 0 0 0 
-15.45 -92.55 2.85 0 0 0 
-16.05 -91.35 4.05 0 0 0 
-12.45 -95.85 1.05 0 0 0 
-12.45 -94.95 1.35 0 0 0 
-11.85 -95.55 0.75 0 0 0 
-11.25 -95.85 1.95 0 0 0 
-13.65 -92.85 0.75 0 0 0 
-14.25 -91.35 0.75 0 0 0 
-13.35 -92.85 1.95 0 0 0 
-14.25 -91.65 1.65 0 0 0 
-11.25 -93.45 1.05 0 0 0 
-12.15 -94.35 3.45 0 0 0 
-11.85 -95.85 2.85 0 0 0 
-11.85 -94.65 3.15 0 0 0 
-10.65 -95.55 4.05 0 0 0 
-12.45 -93.15 2.85 0 0 0 
-12.15 -92.25 2.55 0 0 0 
-12.45 -92.85 4.05 0 0 0 
-12.75 -91.95 4.65 0 0 0 
-11.85 -92.55 4.65 0 0 0 
-17.85 -89.25 1.05 0 0 0 
-18.75 -89.55 1.95 0 0 0 
-14.55 -90.75 0.75 0 0 0 
-14.55 -89.25 1.05 0 0 0 
-15.45 -89.25 1.65 0 0 0 
-16.95 -87.75 1.05 0 0 0 
-17.25 -86.85 1.05 0 0 0 
-15.75 -88.35 0.15 0 0 0 
-16.35 -87.15 0.45 0 0 0 
-16.65 -87.75 1.95 0 0 0 
-16.05 -87.45 1.65 0 0 0 
-14.85 -87.45 2.25 0 0 0 
-18.45 -89.85 2.85 0 0 0 
-17.25 -90.45 4.35 0 0 0 
-16.05 -90.15 2.85 0 0 0 
-16.35 -90.75 4.65 0 0 0 
-15.15 -89.85 4.65 0 0 0 
-16.95 -87.75 2.55 0 0 0 
-17.25 -87.15 2.55 0 0 0 
-17.25 -88.05 4.35 0 0 0 
-16.35 -88.65 2.55 0 0 0 
-15.75 -87.45 3.15 0 0 0 
-14.85 -88.05 3.75 0 0 0 
-13.95 -91.05 0.75 0 0 0 
-14.25 -90.75 1.95 0 0 0 
-13.95 -88.65 1.05 0 0 0 
-12.75 -91.05 3.45 0 0 0 
-13.95 -90.45 4.05 0 0 0 
-13.95 -88.95 3.75 0 0 0 
-13.95 -88.05 3.75 0 0 0 
-16.35 -91.65 5.55 0 0 0 
-15.15 -93.45 7.35 0 0 0 
-13.35 -93.75 5.25 0 0 0 
-13.65 -93.75 6.45 0 0 0 
-11.25 -94.35 5.25 0 0 0 
-10.35 -95.55 7.05 0 0 0 
-13.35 -93.45 5.55 0 0 0 
-13.65 -91.65 5.55 0 0 0 
-13.95 -91.95 6.45 0 0 0 
-11.25 -93.45 5.55 0 0 0 
-11.55 -92.55 7.05 0 0 0 
-11.55 -95.25 7.35 0 0 0 
-14.25 -92.25 7.65 0 0 0 
-16.65 -91.05 5.55 0 0 0 
-14.55 -89.85 5.85 0 0 0 
-16.05 -89.25 6.15 0 0 0 
-16.35 -87.75 5.85 0 0 0 
-15.45 -86.55 5.25 0 0 0 
-15.15 -88.35 7.05 0 0 0 
-15.15 -87.45 7.05 0 0 0 
-15.15 -88.95 7.35 0 0 0 
-15.45 -87.45 7.35 0 0 0 
-13.05 -90.75 4.95 0 0 0 
-12.45 -89.25 5.25 0 0 0 
-14.25 -89.25 6.75 0 0 0 
-13.65 -88.05 5.55 0 0 0 
-13.95 -86.85 6.75 0 0 0 
-11.85 -91.05 7.35 0 0 0 
-1.35 -95.25 3.15 0 0 0 
-1.95 -95.25 4.05 0 0 0 
-1.05 -94.35 3.75 0 0 0 
-0.15 -91.65 3.15 0 0 0 
-0.45 -91.35 3.75 0 0 0 
-0.75 -90.45 4.35 0 0 0 
-2.55 -95.55 5.55 0 0 0 
-3.75 -92.85 5.55 0 0 0 
-0.75 -93.15 4.95 0 0 0 
-4.95 -86.55 7.95 0 0 0 
-2.85 -89.55 6.15 0 0 0 
-0.75 -89.55 5.55 0 0 0 
-1.35 -88.65 5.25 0 0 0 
-1.95 -87.45 6.45 0 0 0 
-2.25 -87.45 7.35 0 0 0 
-17.85 -85.95 0.45 0 0 0 
-18.15 -85.35 1.65 0 0 0 
-18.15 -85.05 1.65 0 0 0 
-17.25 -84.45 1.95 0 0 0 
-16.05 -85.35 1.95 0 0 0 
-18.45 -82.05 2.25 0 0 0 
-17.85 -86.25 2.85 0 0 0 
-18.75 -84.75 3.15 0 0 0 
-18.45 -85.95 4.35 0 0 0 
-18.45 -84.75 4.05 0 0 0 
-17.85 -84.15 4.35 0 0 0 
-15.75 -84.75 2.85 0 0 0 
-16.65 -84.75 3.75 0 0 0 
-18.75 -82.95 2.55 0 0 0 
-17.55 -83.25 3.15 0 0 0 
-18.15 -82.05 3.45 0 0 0 
-18.15 -83.85 4.35 0 0 0 
-18.15 -82.35 3.75 0 0 0 
-17.85 -82.35 4.35 0 0 0 
-15.75 -83.25 3.75 0 0 0 
-18.75 -79.95 2.25 0 0 0 
-18.45 -80.55 2.85 0 0 0 
-18.45 -79.95 2.85 0 0 0 
-17.85 -79.35 3.45 0 0 0 
-17.25 -80.85 3.75 0 0 0 
-17.55 -79.95 4.05 0 0 0 
-15.75 -81.15 4.65 0 0 0 
-18.45 -78.45 2.85 0 0 0 
-18.75 -77.85 2.55 0 0 0 
-17.55 -77.55 3.45 0 0 0 
-17.25 -79.05 4.35 0 0 0 
-16.65 -78.75 4.65 0 0 0 
-15.45 -77.25 4.65 0 0 0 
-15.75 -85.95 5.25 0 0 0 
-15.15 -84.15 4.95 0 0 0 
-15.45 -85.65 6.15 0 0 0 
-15.45 -84.45 6.15 0 0 0 
-16.95 -83.25 5.85 0 0 0 
-16.65 -82.35 4.95 0 0 0 
-15.75 -82.95 6.15 0 0 0 
-15.75 -82.05 6.45 0 0 0 
-14.85 -86.25 7.95 0 0 0 
-17.25 -81.15 5.25 0 0 0 
-14.85 -80.55 5.25 0 0 0 
-15.15 -79.95 5.55 0 0 0 
-14.55 -80.25 6.45 0 0 0 
-15.45 -78.75 5.25 0 0 0 
-14.85 -77.85 5.55 0 0 0 
-13.95 -79.05 6.75 0 0 0 
-0.45 -85.95 6.45 0 0 0 
-2.85 -85.05 7.65 0 0 0 
-26.85 -76.65 0.45 0 0 0 
-24.15 -73.65 0.75 0 0 0 
-20.25 -73.35 1.35 0 0 0 
-18.15 -75.15 2.25 0 0 0 
-17.85 -73.65 1.95 0 0 0 
-16.65 -73.35 2.25 0 0 0 
-17.25 -76.65 3.15 0 0 0 
-17.25 -75.15 3.15 0 0 0 
-16.05 -76.65 4.05 0 0 0 
-15.75 -75.15 3.75 0 0 0 
-17.25 -74.25 3.15 0 0 0 
-15.15 -73.35 3.45 0 0 0 
-15.45 -73.65 3.75 0 0 0 
-13.35 -73.35 4.65 0 0 0 
-17.25 -71.85 1.35 0 0 0 
-15.45 -70.95 2.25 0 0 0 
-16.35 -69.15 0.75 0 0 0 
-14.55 -68.85 1.35 0 0 0 
-14.55 -70.35 2.85 0 0 0 
-15.15 -67.95 3.15 0 0 0 
-13.05 -67.95 1.95 0 0 0 
-13.95 -69.75 2.55 0 0 0 
-13.35 -70.35 4.65 0 0 0 
-12.15 -69.15 3.45 0 0 0 
-12.75 -67.95 3.75 0 0 0 
-15.15 -76.65 4.95 0 0 0 
-14.55 -76.65 6.45 0 0 0 
-12.45 -74.85 6.15 0 0 0 
-12.15 -71.85 5.25 0 0 0 
-16.65 -66.15 1.35 0 0 0 
-13.95 -66.45 1.35 0 0 0 
-11.25 -66.75 2.25 0 0 0 
-13.65 -63.45 1.35 0 0 0 
-10.05 -63.15 1.65 0 0 0 
-9.75 -66.45 3.45 0 0 0 
-11.55 -61.95 0.45 0 0 0 
-10.05 -61.05 1.95 0 0 0 
-8.55 -63.75 2.55 0 0 0 
-7.95 -59.85 1.95 0 0 0 
-7.65 -56.55 1.05 0 0 0 
-7.95 -54.15 1.05 0 0 0 
-7.65 -52.35 0.45 0 0 0 
-7.65 -49.65 2.25 0 0 0 
-5.85 -43.95 0.15 0 0 0 
-1.65 -37.05 0.15 0 0 0 
2.55 -118.95 0.45 0 0 0 
1.05 -117.15 0.15 0 0 0 
0.75 -115.65 0.15 0 0 0 
1.05 -116.55 1.65 0 0 0 
2.55 -117.45 0.15 0 0 0 
3.15 -115.35 1.05 0 0 0 
3.45 -116.25 1.95 0 0 0 
2.85 -115.95 2.55 0 0 0 
5.55 -115.65 1.05 0 0 0 
0.45 -114.15 1.05 0 0 0 
1.35 -114.15 1.05 0 0 0 
0.45 -114.45 1.65 0 0 0 
0.45 -113.55 1.65 0 0 0 
1.95 -113.85 1.65 0 0 0 
2.85 -114.15 0.45 0 0 0 
4.35 -114.45 0.75 0 0 0 
4.35 -113.25 0.45 0 0 0 
4.05 -114.45 1.95 0 0 0 
4.35 -112.95 1.65 0 0 0 
3.15 -112.65 0.45 0 0 0 
4.65 -112.05 0.15 0 0 0 
4.05 -110.85 1.05 0 0 0 
2.85 -111.45 1.35 0 0 0 
4.65 -110.55 1.35 0 0 0 
0.45 -113.25 2.55 0 0 0 
3.15 -114.45 2.85 0 0 0 
1.05 -112.65 3.15 0 0 0 
0.15 -110.85 3.45 0 0 0 
3.15 -112.65 2.55 0 0 0 
5.25 -114.15 1.05 0 0 0 
6.45 -113.25 0.15 0 0 0 
5.85 -113.55 1.95 0 0 0 
5.25 -111.75 1.05 0 0 0 
6.15 -111.45 0.75 0 0 0 
1.65 -109.35 1.95 0 0 0 
4.35 -109.35 0.45 0 0 0 
4.35 -108.75 0.45 0 0 0 
2.55 -109.95 2.25 0 0 0 
3.45 -108.45 1.65 0 0 0 
1.05 -106.95 1.95 0 0 0 
1.95 -106.65 1.65 0 0 0 
4.35 -107.85 0.15 0 0 0 
2.55 -106.35 0.75 0 0 0 
2.85 -107.25 1.35 0 0 0 
1.35 -109.35 2.85 0 0 0 
0.45 -109.95 3.75 0 0 0 
4.95 -110.25 0.15 0 0 0 
5.25 -108.75 0.15 0 0 0 
4.95 -109.05 1.35 0 0 0 
2.25 -104.85 0.45 0 0 0 
1.05 -104.85 1.65 0 0 0 
2.25 -105.15 1.95 0 0 0 
1.35 -103.35 1.35 0 0 0 
3.75 -104.55 0.15 0 0 0 
4.35 -104.25 0.15 0 0 0 
1.35 -102.45 1.05 0 0 0 
0.15 -102.15 1.35 0 0 0 
0.15 -101.55 1.65 0 0 0 
2.85 -103.05 0.15 0 0 0 
4.05 -102.15 0.45 0 0 0 
3.75 -100.95 0.45 0 0 0 
5.25 -103.05 0.15 0 0 0 
1.95 -99.15 0.75 0 0 0 
2.25 -100.05 1.35 0 0 0 
0.45 -98.55 2.25 0 0 0 
2.85 -99.75 0.75 0 0 0 
4.35 -99.15 0.45 0 0 0 
2.25 -97.05 0.15 0 0 0 
0.75 -97.65 1.65 0 0 0 
0.75 -96.15 1.35 0 0 0 
3.15 -97.95 0.75 0 0 0 
4.35 -96.75 0.45 0 0 0 
0.45 -99.15 2.55 0 0 0 
2.25 -95.85 0.45 0 0 0 
0.15 -94.95 2.25 0 0 0 
0.75 -93.75 2.25 0 0 0 
2.55 -95.55 1.05 0 0 0 
2.85 -94.35 0.75 0 0 0 
2.55 -94.05 1.35 0 0 0 
1.65 -93.15 1.95 0 0 0 
1.35 -91.65 2.25 0 0 0 
2.55 -92.85 0.75 0 0 0 
3.45 -91.35 1.05 0 0 0 
3.75 -92.55 1.95 0 0 0 
1.35 -95.25 2.85 0 0 0 
2.85 -94.05 2.55 0 0 0 
0.45 -92.25 3.45 0 0 0 
2.85 -93.45 2.55 0 0 0 
3.45 -90.15 1.05 0 0 0 
4.65 -89.85 0.45 0 0 0 
3.15 -90.45 1.65 0 0 0 
2.55 -89.85 2.25 0 0 0 
4.65 -88.35 1.05 0 0 0 
3.75 -88.65 1.95 0 0 0 
1.05 -90.75 2.85 0 0 0 
1.65 -89.85 2.85 0 0 0 
0.15 -88.95 4.05 0 0 0 
2.55 -89.25 2.85 0 0 0 
2.25 -87.15 3.45 0 0 0 
1.65 -87.45 4.05 0 0 0 
3.45 -87.75 2.55 0 0 0 
4.05 -86.55 2.55 0 0 0 
5.85 -89.85 0.15 0 0 0 
5.55 -88.05 0.15 0 0 0 
5.25 -87.15 0.75 0 0 0 
4.95 -88.35 1.65 0 0 0 
7.65 -86.55 0.45 0 0 0 
0.45 -88.65 4.95 0 0 0 
1.35 -86.55 6.75 0 0 0 
1.95 -86.25 4.65 0 0 0 
4.35 -85.65 2.85 0 0 0 
2.85 -85.95 4.05 0 0 0 
2.85 -84.15 4.65 0 0 0 
3.75 -83.25 3.75 0 0 0 
5.85 -86.25 1.05 0 0 0 
6.75 -85.65 1.05 0 0 0 
6.15 -86.25 1.35 0 0 0 
6.45 -84.75 1.35 0 0 0 
7.65 -85.35 0.15 0 0 0 
7.35 -84.75 1.05 0 0 0 
7.35 -85.05 1.65 0 0 0 
7.95 -83.85 0.45 0 0 0 
8.55 -83.55 1.05 0 0 0 
8.25 -83.55 1.35 0 0 0 
8.25 -82.35 1.95 0 0 0 
9.45 -81.75 2.25 0 0 0 
5.25 -85.35 3.75 0 0 0 
6.15 -83.25 2.55 0 0 0 
7.05 -82.35 3.15 0 0 0 
4.95 -82.05 4.65 0 0 0 
8.25 -81.45 2.25 0 0 0 
6.75 -80.85 3.15 0 0 0 
6.45 -80.25 3.75 0 0 0 
7.35 -81.15 3.15 0 0 0 
8.55 -79.95 2.85 0 0 0 
7.35 -79.95 3.75 0 0 0 
8.85 -78.45 3.15 0 0 0 
8.25 -77.85 4.35 0 0 0 
1.35 -85.95 4.95 0 0 0 
0.15 -85.35 6.45 0 0 0 
3.45 -84.45 5.25 0 0 0 
1.35 -83.55 6.75 0 0 0 
3.75 -81.75 5.85 0 0 0 
4.35 -79.95 6.15 0 0 0 
7.35 -79.65 5.55 0 0 0 
4.95 -78.45 6.45 0 0 0 
9.75 -83.85 0.45 0 0 0 
10.65 -82.35 0.45 0 0 0 
10.95 -81.75 0.45 0 0 0 
10.35 -81.45 0.75 0 0 0 
11.25 -80.85 1.05 0 0 0 
10.65 -80.85 1.35 0 0 0 
10.35 -79.65 1.95 0 0 0 
11.55 -79.35 1.95 0 0 0 
12.75 -80.25 0.45 0 0 0 
14.25 -79.65 0.45 0 0 0 
11.25 -78.75 2.25 0 0 0 
13.95 -77.85 1.05 0 0 0 
12.15 -78.15 2.25 0 0 0 
13.35 -77.55 1.65 0 0 0 
10.05 -79.35 2.85 0 0 0 
9.75 -78.45 3.45 0 0 0 
11.85 -77.85 2.55 0 0 0 
10.35 -77.85 4.35 0 0 0 
14.85 -79.35 0.45 0 0 0 
15.75 -78.75 0.45 0 0 0 
16.35 -77.25 0.45 0 0 0 
15.75 -76.95 1.35 0 0 0 
33.45 -88.95 1.35 0 0 0 
35.25 -89.25 1.05 0 0 0 
37.05 -88.95 1.05 0 0 0 
34.65 -86.85 0.15 0 0 0 
34.65 -87.75 1.65 0 0 0 
35.85 -87.75 1.95 0 0 0 
36.75 -88.05 0.75 0 0 0 
37.05 -86.85 0.15 0 0 0 
37.35 -87.45 0.75 0 0 0 
36.75 -88.05 1.65 0 0 0 
37.35 -88.35 1.95 0 0 0 
36.75 -86.85 1.95 0 0 0 
37.65 -86.55 1.95 0 0 0 
37.65 -86.55 2.55 0 0 0 
37.95 -85.05 1.05 0 0 0 
34.65 -85.95 2.85 0 0 0 
36.75 -86.25 2.55 0 0 0 
38.25 -85.95 2.85 0 0 0 
38.25 -85.05 2.85 0 0 0 
37.65 -83.25 3.45 0 0 0 
37.95 -82.65 4.05 0 0 0 
38.25 -77.25 4.35 0 0 0 
39.15 -86.85 1.05 0 0 0 
38.55 -87.15 1.35 0 0 0 
40.05 -87.15 1.35 0 0 0 
39.15 -86.25 0.15 0 0 0 
39.15 -85.35 1.05 0 0 0 
39.45 -84.75 0.15 0 0 0 
39.75 -84.45 0.45 0 0 0 
39.15 -85.65 1.35 0 0 0 
40.35 -85.35 1.65 0 0 0 
39.45 -85.05 1.95 0 0 0 
40.95 -85.35 1.05 0 0 0 
41.85 -85.35 1.35 0 0 0 
42.45 -84.75 1.35 0 0 0 
40.35 -83.55 0.45 0 0 0 
39.75 -82.35 0.45 0 0 0 
39.45 -82.95 1.95 0 0 0 
39.15 -82.65 2.25 0 0 0 
40.65 -81.75 2.25 0 0 0 
41.55 -82.65 0.15 0 0 0 
41.55 -83.25 1.65 0 0 0 
41.25 -82.05 1.35 0 0 0 
43.05 -81.75 1.95 0 0 0 
38.85 -84.45 2.85 0 0 0 
41.55 -85.05 2.55 0 0 0 
40.65 -83.55 2.55 0 0 0 
39.15 -82.35 3.15 0 0 0 
38.55 -81.75 4.35 0 0 0 
43.65 -82.95 1.35 0 0 0 
40.35 -80.55 1.05 0 0 0 
40.65 -81.15 1.65 0 0 0 
41.25 -81.45 1.05 0 0 0 
41.25 -81.45 1.65 0 0 0 
42.75 -81.45 1.95 0 0 0 
40.95 -79.35 2.25 0 0 0 
40.05 -78.15 0.45 0 0 0 
40.35 -76.95 0.45 0 0 0 
40.95 -78.75 1.35 0 0 0 
41.55 -78.45 2.25 0 0 0 
41.85 -76.95 1.65 0 0 0 
39.45 -81.45 2.85 0 0 0 
40.35 -81.15 3.45 0 0 0 
40.05 -79.65 3.15 0 0 0 
38.85 -79.65 3.75 0 0 0 
41.85 -80.85 2.85 0 0 0 
39.45 -79.05 3.15 0 0 0 
40.65 -77.55 2.55 0 0 0 
39.45 -78.45 4.05 0 0 0 
40.05 -76.95 4.65 0 0 0 
41.55 -77.85 2.55 0 0 0 
43.35 -81.15 1.65 0 0 0 
43.65 -78.15 1.95 0 0 0 
5.55 -76.35 5.55 0 0 0 
7.95 -76.65 5.25 0 0 0 
8.55 -75.45 5.25 0 0 0 
8.85 -73.95 5.85 0 0 0 
14.25 -76.65 1.95 0 0 0 
11.25 -76.65 3.75 0 0 0 
12.15 -76.35 2.85 0 0 0 
13.35 -75.75 3.15 0 0 0 
13.95 -75.75 3.75 0 0 0 
13.65 -73.35 3.45 0 0 0 
14.25 -73.05 3.75 0 0 0 
14.85 -76.05 1.95 0 0 0 
15.15 -74.85 2.25 0 0 0 
17.85 -75.75 1.05 0 0 0 
18.75 -75.15 1.05 0 0 0 
18.15 -74.85 1.35 0 0 0 
19.05 -73.95 1.35 0 0 0 
16.35 -75.15 2.85 0 0 0 
16.05 -72.15 2.85 0 0 0 
14.25 -70.95 4.05 0 0 0 
16.05 -70.95 3.75 0 0 0 
16.05 -67.65 4.65 0 0 0 
10.35 -73.95 5.55 0 0 0 
9.75 -71.25 6.15 0 0 0 
13.65 -69.45 5.25 0 0 0 
18.15 -58.95 0.75 0 0 0 
18.75 -58.05 0.75 0 0 0 
18.45 -58.65 1.65 0 0 0 
19.05 -58.95 2.85 0 0 0 
18.45 -58.35 2.85 0 0 0 
19.05 -58.95 4.65 0 0 0 
18.15 -58.05 4.65 0 0 0 
18.75 -58.65 5.25 0 0 0 
18.45 -57.75 6.45 0 0 0 
20.85 -74.85 0.45 0 0 0 
19.35 -73.95 1.65 0 0 0 
21.15 -72.45 1.65 0 0 0 
23.55 -73.05 0.15 0 0 0 
25.65 -73.35 0.45 0 0 0 
25.65 -72.15 1.35 0 0 0 
26.85 -72.15 1.65 0 0 0 
22.05 -71.25 1.65 0 0 0 
22.95 -69.45 2.85 0 0 0 
25.65 -71.55 1.95 0 0 0 
30.75 -75.15 1.65 0 0 0 
30.15 -73.95 1.95 0 0 0 
35.55 -72.45 0.45 0 0 0 
37.35 -74.25 0.75 0 0 0 
38.25 -72.45 1.05 0 0 0 
37.65 -76.05 4.35 0 0 0 
37.95 -72.45 2.85 0 0 0 
37.35 -73.35 4.05 0 0 0 
36.75 -72.15 4.05 0 0 0 
37.65 -72.15 3.75 0 0 0 
33.15 -70.05 1.05 0 0 0 
30.15 -67.95 0.45 0 0 0 
30.15 -67.35 1.65 0 0 0 
32.55 -69.15 0.45 0 0 0 
32.25 -68.85 1.35 0 0 0 
32.85 -68.85 1.95 0 0 0 
32.85 -68.25 2.25 0 0 0 
30.45 -67.35 3.75 0 0 0 
33.45 -68.55 3.15 0 0 0 
33.15 -68.25 2.85 0 0 0 
33.15 -69.45 4.65 0 0 0 
31.65 -68.25 4.65 0 0 0 
34.35 -70.95 1.05 0 0 0 
33.75 -70.65 0.75 0 0 0 
34.65 -70.65 1.35 0 0 0 
35.55 -70.65 1.65 0 0 0 
36.45 -71.25 1.35 0 0 0 
38.25 -71.85 2.25 0 0 0 
34.65 -70.05 3.15 0 0 0 
34.95 -69.75 3.45 0 0 0 
34.35 -70.05 3.75 0 0 0 
35.55 -70.35 4.05 0 0 0 
37.05 -70.95 2.55 0 0 0 
37.95 -71.55 2.85 0 0 0 
37.05 -71.55 3.75 0 0 0 
36.15 -70.65 4.05 0 0 0 
33.75 -68.25 3.15 0 0 0 
35.85 -72.15 5.25 0 0 0 
29.85 -67.65 4.95 0 0 0 
32.25 -68.55 4.95 0 0 0 
31.95 -67.95 5.25 0 0 0 
34.65 -70.65 4.95 0 0 0 
22.65 -62.55 1.05 0 0 0 
22.95 -62.85 1.95 0 0 0 
23.55 -62.85 3.15 0 0 0 
25.95 -64.95 1.05 0 0 0 
26.85 -64.95 0.45 0 0 0 
28.65 -66.15 1.35 0 0 0 
25.35 -64.35 0.45 0 0 0 
25.65 -64.35 1.65 0 0 0 
25.35 -64.95 2.85 0 0 0 
25.95 -65.55 4.65 0 0 0 
27.45 -65.85 2.55 0 0 0 
28.35 -67.05 3.75 0 0 0 
25.65 -64.65 3.45 0 0 0 
20.85 -60.15 0.15 0 0 0 
21.45 -61.35 1.95 0 0 0 
20.55 -60.15 1.65 0 0 0 
22.35 -61.95 1.05 0 0 0 
22.05 -61.35 1.65 0 0 0 
19.65 -58.95 0.75 0 0 0 
19.65 -59.85 1.65 0 0 0 
19.65 -58.95 1.95 0 0 0 
21.45 -61.35 3.15 0 0 0 
20.55 -60.75 3.45 0 0 0 
21.15 -61.05 3.75 0 0 0 
22.35 -61.65 2.55 0 0 0 
21.75 -61.95 4.35 0 0 0 
19.65 -59.55 3.45 0 0 0 
19.65 -58.65 3.75 0 0 0 
22.95 -62.85 5.85 0 0 0 
25.05 -64.35 5.25 0 0 0 
19.95 -60.15 5.85 0 0 0 
20.55 -60.75 6.45 0 0 0 
21.75 -61.65 5.85 0 0 0 
19.65 -59.25 5.85 0 0 0 
19.35 -58.65 7.05 0 0 0 
29.25 -67.05 1.65 0 0 0 
29.55 -67.05 2.55 0 0 0 
9.45 -49.65 0.15 0 0 0 
8.25 -48.15 2.25 0 0 0 
6.45 -48.45 4.65 0 0 0 
8.25 -49.65 4.65 0 0 0 
8.55 -50.55 4.95 0 0 0 
9.15 -51.45 7.05 0 0 0 
7.95 -50.25 6.45 0 0 0 
13.95 -52.95 4.35 0 0 0 
16.05 -55.65 0.75 0 0 0 
16.35 -55.95 2.25 0 0 0 
17.25 -56.85 1.05 0 0 0 
16.95 -56.25 1.35 0 0 0 
15.75 -54.75 0.75 0 0 0 
15.15 -54.15 1.95 0 0 0 
14.55 -53.25 1.65 0 0 0 
16.65 -56.25 2.55 0 0 0 
16.65 -56.55 3.75 0 0 0 
17.55 -57.15 2.55 0 0 0 
17.85 -57.45 4.05 0 0 0 
15.45 -54.15 3.45 0 0 0 
14.55 -52.95 2.55 0 0 0 
15.45 -54.45 4.65 0 0 0 
15.15 -53.85 4.05 0 0 0 
11.85 -51.75 0.15 0 0 0 
11.55 -51.45 1.95 0 0 0 
12.75 -52.05 1.65 0 0 0 
13.35 -51.45 1.35 0 0 0 
10.65 -50.25 1.65 0 0 0 
11.55 -50.55 2.85 0 0 0 
10.95 -51.45 4.35 0 0 0 
13.35 -51.75 2.55 0 0 0 
13.35 -51.45 3.45 0 0 0 
13.95 -52.35 4.35 0 0 0 
10.05 -49.65 3.45 0 0 0 
10.95 -49.95 4.35 0 0 0 
13.35 -52.95 5.85 0 0 0 
14.25 -53.85 6.75 0 0 0 
16.35 -56.25 5.55 0 0 0 
16.65 -55.65 6.75 0 0 0 
17.85 -57.45 7.05 0 0 0 
15.15 -54.15 5.55 0 0 0 
14.85 -53.55 5.55 0 0 0 
15.45 -54.15 6.75 0 0 0 
17.85 -57.15 7.35 0 0 0 
11.85 -52.05 5.25 0 0 0 
11.55 -50.85 5.85 0 0 0 
11.25 -51.45 6.45 0 0 0 
13.05 -51.45 5.25 0 0 0 
4.35 -45.15 2.25 0 0 0 
6.15 -45.75 0.75 0 0 0 
7.95 -47.55 0.45 0 0 0 
7.35 -47.85 2.25 0 0 0 
6.45 -44.85 1.05 0 0 0 
6.15 -46.95 2.85 0 0 0 
9.15 -47.55 3.15 0 0 0 
1.95 -40.05 0.45 0 0 0 
39.15 -76.05 0.45 0 0 0 
39.15 -75.15 0.15 0 0 0 
39.75 -74.55 0.75 0 0 0 
40.65 -75.45 2.25 0 0 0 
41.85 -76.35 1.65 0 0 0 
42.75 -76.65 1.95 0 0 0 
39.15 -74.25 0.75 0 0 0 
39.15 -73.35 1.35 0 0 0 
39.75 -73.35 1.95 0 0 0 
38.55 -72.15 1.95 0 0 0 
40.35 -75.75 3.45 0 0 0 
40.05 -75.15 3.45 0 0 0 
38.55 -75.75 4.35 0 0 0 
40.05 -74.85 3.75 0 0 0 
40.95 -74.55 2.55 0 0 0 
39.15 -73.35 3.15 0 0 0 
39.15 -72.75 2.55 0 0 0 
38.85 -73.65 3.75 0 0 0 
1.05 -38.25 1.35 0 0 0 
-21.15 -103.65 -39.75 0 0 0
-25.05 -99.45 -42.15 0 0 0
-22.95 -100.35 -40.35 0 0 0
-22.65 -100.05 -38.55 0 0 0
-18.15 -105.45 -40.05 0 0 0
-31.35 -92.55 -44.25 0 0 0
-23.55 -77.25 -42.15 0 0 0
-8.25 -128.85 -20.55 0 0 0
-7.35 -129.45 -19.65 0 0 0
-12.75 -121.05 -21.15 0 0 0
-12.45 -119.85 -21.15 0 0 0
-9.75 -127.65 -13.65 0 0 0
-10.05 -127.05 -12.45 0 0 0
-10.65 -126.45 -11.85 0 0 0
-10.95 -125.85 -10.65 0 0 0
-6.75 -130.05 -18.45 0 0 0
-8.85 -128.55 -18.45 0 0 0
-7.65 -128.85 -18.45 0 0 0
-7.65 -128.55 -17.85 0 0 0
-7.65 -127.35 -17.55 0 0 0
-6.45 -128.85 -17.25 0 0 0
-7.95 -126.75 -17.25 0 0 0
-5.55 -124.95 -18.15 0 0 0
-8.85 -128.25 -16.65 0 0 0
-9.45 -127.65 -15.45 0 0 0
-7.65 -127.65 -15.15 0 0 0
-5.55 -127.65 -16.65 0 0 0
-7.95 -126.75 -15.15 0 0 0
-5.85 -124.95 -16.05 0 0 0
-4.95 -126.15 -14.55 0 0 0
-4.65 -125.25 -14.55 0 0 0
-7.95 -126.15 -13.35 0 0 0
-7.95 -126.15 -12.75 0 0 0
-5.25 -126.45 -14.25 0 0 0
-8.25 -125.25 -11.85 0 0 0
-4.65 -125.25 -12.75 0 0 0
-13.05 -121.65 -14.85 0 0 0
-14.25 -124.35 -12.45 0 0 0
-13.95 -123.15 -11.25 0 0 0
-13.65 -122.85 -10.05 0 0 0
-5.85 -124.65 -16.05 0 0 0
-0.75 -121.35 -18.45 0 0 0
-2.55 -119.55 -16.65 0 0 0
-2.25 -119.85 -15.15 0 0 0
-5.85 -124.65 -13.35 0 0 0
-5.85 -124.65 -12.45 0 0 0
-8.25 -124.65 -10.95 0 0 0
-7.35 -123.15 -10.35 0 0 0
-6.45 -124.35 -11.25 0 0 0
-7.05 -123.45 -10.35 0 0 0
-4.35 -124.35 -12.15 0 0 0
-1.95 -120.45 -13.65 0 0 0
-1.95 -120.45 -12.45 0 0 0
-3.75 -123.15 -11.55 0 0 0
-3.45 -122.85 -10.05 0 0 0
-3.15 -121.65 -10.05 0 0 0
-1.95 -120.45 -11.25 0 0 0
-2.25 -120.15 -10.05 0 0 0
-14.85 -121.35 -6.15 0 0 0
-15.45 -120.75 -5.25 0 0 0
-13.35 -123.45 -7.95 0 0 0
-13.35 -122.25 -9.15 0 0 0
-12.75 -121.05 -8.25 0 0 0
-13.65 -123.15 -6.45 0 0 0
-12.15 -119.85 -7.95 0 0 0
-12.15 -119.25 -6.45 0 0 0
-10.35 -119.55 -4.95 0 0 0
-11.25 -117.75 -4.95 0 0 0
-14.85 -121.65 -0.75 0 0 0
-16.65 -119.55 -2.85 0 0 0
-17.25 -118.65 -1.65 0 0 0
-18.15 -118.05 -1.05 0 0 0
-10.35 -119.55 -4.35 0 0 0
-10.95 -118.95 -3.45 0 0 0
-10.65 -116.55 -3.75 0 0 0
-9.75 -116.55 -2.85 0 0 0
-12.15 -117.75 -1.65 0 0 0
-11.85 -119.25 -0.75 0 0 0
-10.65 -116.55 -2.25 0 0 0
-9.75 -116.55 -1.65 0 0 0
-8.55 -122.85 -9.45 0 0 0
-7.35 -122.85 -8.85 0 0 0
-8.85 -122.25 -8.55 0 0 0
-8.25 -122.25 -8.25 0 0 0
-9.15 -121.05 -7.35 0 0 0
-8.55 -121.65 -6.45 0 0 0
-9.15 -121.05 -6.15 0 0 0
-1.95 -120.45 -9.45 0 0 0
-9.15 -119.55 -6.75 0 0 0
-9.45 -118.65 -5.25 0 0 0
-2.85 -119.55 -7.35 0 0 0
-3.15 -119.55 -5.85 0 0 0
-3.75 -118.65 -5.55 0 0 0
-0.75 -117.15 -5.85 0 0 0
-0.15 -115.35 -4.95 0 0 0
-3.75 -122.25 -1.05 0 0 0
-5.25 -117.15 -1.65 0 0 0
-4.35 -118.05 -4.05 0 0 0
-3.75 -118.65 -2.85 0 0 0
-0.45 -116.25 -4.05 0 0 0
-0.75 -116.25 -2.55 0 0 0
-0.75 -116.55 -2.25 0 0 0
-0.15 -115.35 -1.35 0 0 0
-21.15 -103.05 -38.25 0 0 0
-20.25 -103.05 -37.35 0 0 0
-21.15 -103.95 -34.05 0 0 0
-24.75 -96.75 -37.65 0 0 0
-22.35 -100.05 -37.05 0 0 0
-21.45 -103.65 -32.55 0 0 0
-21.45 -103.35 -31.95 0 0 0
-23.25 -100.95 -31.35 0 0 0
-19.95 -103.65 -30.15 0 0 0
-23.25 -101.85 -30.75 0 0 0
-22.95 -101.55 -29.25 0 0 0
-21.15 -103.05 -29.85 0 0 0
-20.85 -102.15 -28.95 0 0 0
-26.25 -99.75 -30.45 0 0 0
-24.75 -98.55 -30.15 0 0 0
-25.65 -99.15 -29.25 0 0 0
-22.95 -100.65 -31.05 0 0 0
-22.65 -100.65 -28.95 0 0 0
-22.65 -100.95 -27.45 0 0 0
-20.85 -101.85 -27.75 0 0 0
-25.35 -98.85 -28.05 0 0 0
-24.15 -97.35 -28.05 0 0 0
-24.15 -96.15 -26.55 0 0 0
-22.65 -100.35 -28.35 0 0 0
-23.55 -97.05 -26.85 0 0 0
-19.65 -99.75 -24.45 0 0 0
-19.65 -99.15 -24.45 0 0 0
-22.95 -96.15 -25.65 0 0 0
-19.95 -97.95 -24.45 0 0 0
-19.35 -98.55 -22.65 0 0 0
-20.85 -97.95 -23.25 0 0 0
-20.25 -97.35 -22.35 0 0 0
-19.95 -96.45 -21.15 0 0 0
-18.15 -104.85 -38.25 0 0 0
-18.45 -105.15 -32.55 0 0 0
-18.45 -104.55 -30.15 0 0 0
-2.55 -103.05 -33.75 0 0 0
-15.15 -114.15 -25.35 0 0 0
-14.25 -112.35 -22.65 0 0 0
-18.15 -103.95 -26.25 0 0 0
-16.95 -100.95 -22.65 0 0 0
-19.05 -98.25 -23.25 0 0 0
-18.75 -97.65 -21.15 0 0 0
-18.45 -96.45 -20.25 0 0 0
-30.75 -93.75 -30.45 0 0 0
-32.25 -91.95 -29.85 0 0 0
-34.35 -88.35 -31.05 0 0 0
-27.15 -94.05 -36.75 0 0 0
-24.15 -82.35 -36.15 0 0 0
-31.35 -92.25 -28.65 0 0 0
-31.95 -91.35 -27.75 0 0 0
-31.95 -91.35 -26.55 0 0 0
-31.95 -91.35 -25.65 0 0 0
-29.85 -92.85 -25.05 0 0 0
-34.05 -88.35 -28.65 0 0 0
-31.35 -91.05 -25.05 0 0 0
-29.55 -87.45 -24.75 0 0 0
-28.95 -92.85 -22.05 0 0 0
-30.45 -89.85 -22.35 0 0 0
-30.15 -89.25 -20.55 0 0 0
-30.15 -86.85 -20.55 0 0 0
-27.75 -94.65 -24.15 0 0 0
-22.95 -94.95 -25.05 0 0 0
-22.35 -95.85 -24.15 0 0 0
-28.65 -89.85 -25.95 0 0 0
-24.15 -91.65 -21.75 0 0 0
-28.35 -92.55 -19.65 0 0 0
-21.75 -95.85 -23.55 0 0 0
-22.65 -94.65 -23.85 0 0 0
-22.35 -95.55 -22.35 0 0 0
-22.05 -94.05 -22.65 0 0 0
-21.15 -95.55 -22.95 0 0 0
-20.85 -94.95 -21.75 0 0 0
-21.75 -94.65 -20.85 0 0 0
-20.85 -94.05 -20.55 0 0 0
-21.15 -94.05 -19.95 0 0 0
-20.55 -94.05 -19.65 0 0 0
-23.85 -91.35 -20.85 0 0 0
-21.15 -93.45 -19.65 0 0 0
-25.05 -88.65 -20.55 0 0 0
-35.55 -85.35 -25.05 0 0 0
-28.95 -81.45 -24.45 0 0 0
-34.65 -84.75 -20.55 0 0 0
-29.25 -83.55 -23.55 0 0 0
-29.55 -76.95 -19.35 0 0 0
-28.05 -79.95 -22.35 0 0 0
-18.45 -93.75 -21.15 0 0 0
-19.05 -95.25 -19.35 0 0 0
-14.25 -111.75 -18.45 0 0 0
-14.25 -111.15 -14.85 0 0 0
-13.95 -109.95 -13.35 0 0 0
-0.45 -114.15 -17.25 0 0 0
-0.45 -114.15 -14.85 0 0 0
-0.45 -114.45 -13.05 0 0 0
-16.35 -99.45 -17.85 0 0 0
-12.15 -102.75 -11.55 0 0 0
-13.95 -109.65 -6.45 0 0 0
-16.35 -114.15 -3.15 0 0 0
-15.45 -112.65 -3.45 0 0 0
-16.05 -113.25 -2.25 0 0 0
-12.15 -104.55 -6.75 0 0 0
-11.85 -98.85 -3.45 0 0 0
-31.35 -86.85 -16.35 0 0 0
-20.85 -93.75 -18.45 0 0 0
-20.55 -93.45 -18.15 0 0 0
-20.55 -93.15 -16.95 0 0 0
-19.95 -92.85 -16.05 0 0 0
-19.35 -91.95 -14.55 0 0 0
-21.45 -88.35 -15.45 0 0 0
-20.85 -88.05 -13.95 0 0 0
-19.95 -87.75 -9.75 0 0 0
-30.15 -80.55 -18.15 0 0 0
-29.25 -76.95 -19.05 0 0 0
-29.85 -77.25 -17.55 0 0 0
-30.75 -81.15 -15.75 0 0 0
-30.15 -77.25 -16.65 0 0 0
-30.45 -77.55 -15.15 0 0 0
-31.65 -81.75 -11.85 0 0 0
-31.35 -81.45 -13.95 0 0 0
-31.35 -79.35 -12.45 0 0 0
-31.35 -79.05 -13.05 0 0 0
-31.05 -77.55 -13.35 0 0 0
-31.95 -81.45 -11.25 0 0 0
-31.65 -79.65 -9.75 0 0 0
-31.65 -78.15 -9.75 0 0 0
-31.05 -77.85 -10.65 0 0 0
-22.05 -85.95 -10.95 0 0 0
-23.55 -84.75 -10.65 0 0 0
-25.65 -80.85 -10.65 0 0 0
-31.35 -82.05 -9.45 0 0 0
-31.05 -79.95 -7.65 0 0 0
-31.35 -78.45 -7.65 0 0 0
-31.05 -78.45 -7.05 0 0 0
-21.45 -85.35 -8.85 0 0 0
-23.85 -83.25 -7.95 0 0 0
-22.35 -83.55 -5.25 0 0 0
-18.75 -94.95 -18.15 0 0 0
-18.45 -94.35 -17.55 0 0 0
-18.75 -92.85 -16.95 0 0 0
-18.15 -94.05 -15.75 0 0 0
-18.45 -92.55 -16.05 0 0 0
-17.55 -94.35 -12.75 0 0 0
-18.75 -91.35 -12.75 0 0 0
-17.55 -91.95 -11.85 0 0 0
-18.45 -91.05 -11.55 0 0 0
-17.55 -90.15 -9.75 0 0 0
-16.95 -92.55 -8.25 0 0 0
-15.45 -91.65 -8.55 0 0 0
-14.85 -94.65 -6.75 0 0 0
-14.85 -91.35 -5.55 0 0 0
-16.35 -88.65 -9.45 0 0 0
-17.55 -89.85 -5.55 0 0 0
-16.05 -89.85 -5.55 0 0 0
-17.25 -89.55 -4.35 0 0 0
-15.45 -88.95 -4.65 0 0 0
-16.05 -90.15 -2.55 0 0 0
-20.85 -65.85 -49.05 0 0 0
-21.45 -69.45 -46.95 0 0 0
-20.85 -68.25 -46.05 0 0 0
-20.85 -68.55 -41.25 0 0 0
-20.85 -69.45 -40.65 0 0 0
-20.25 -66.75 -46.05 0 0 0
-19.65 -63.15 -46.95 0 0 0
-20.85 -66.45 -43.35 0 0 0
-19.35 -61.35 -47.25 0 0 0
-20.25 -66.45 -42.75 0 0 0
-19.65 -65.55 -41.85 0 0 0
-19.35 -63.75 -41.25 0 0 0
-19.95 -60.15 -43.05 0 0 0
-19.05 -60.75 -48.75 0 0 0
-18.75 -63.75 -40.35 0 0 0
-19.05 -61.35 -41.25 0 0 0
-18.75 -61.35 -40.05 0 0 0
-14.85 -50.25 -49.05 0 0 0
-17.55 -55.05 -46.65 0 0 0
-17.25 -55.05 -40.95 0 0 0
-10.05 -43.35 -40.35 0 0 0
-9.75 -43.65 -38.85 0 0 0
-9.45 -43.65 -39.45 0 0 0
-2.85 -44.25 -39.15 0 0 0
-21.15 -70.05 -34.35 0 0 0
-21.15 -67.35 -32.55 0 0 0
-19.95 -66.15 -34.65 0 0 0
-20.25 -66.15 -33.15 0 0 0
-25.95 -71.25 -24.15 0 0 0
-23.25 -67.95 -26.55 0 0 0
-25.95 -70.35 -23.25 0 0 0
-24.75 -67.95 -23.55 0 0 0
-24.45 -67.95 -22.95 0 0 0
-25.35 -68.25 -21.75 0 0 0
-27.15 -70.35 -20.85 0 0 0
-27.45 -70.95 -19.95 0 0 0
-26.55 -67.65 -19.65 0 0 0
-25.35 -67.35 -21.45 0 0 0
-25.95 -68.25 -20.25 0 0 0
-24.45 -67.05 -24.75 0 0 0
-23.55 -67.05 -26.55 0 0 0
-23.55 -65.55 -25.65 0 0 0
-22.05 -62.55 -24.15 0 0 0
-24.75 -65.25 -22.95 0 0 0
-26.85 -66.75 -19.65 0 0 0
-26.25 -66.75 -20.55 0 0 0
-25.95 -66.75 -19.95 0 0 0
-25.35 -65.25 -19.35 0 0 0
-24.75 -62.85 -19.95 0 0 0
-23.25 -62.55 -23.25 0 0 0
-23.85 -62.85 -20.85 0 0 0
-25.05 -62.25 -19.35 0 0 0
-22.35 -58.95 -22.35 0 0 0
-22.65 -59.85 -20.85 0 0 0
-19.35 -53.55 -24.45 0 0 0
-20.85 -56.25 -23.55 0 0 0
-19.65 -52.95 -23.25 0 0 0
-23.25 -57.45 -20.55 0 0 0
-21.15 -53.55 -20.25 0 0 0
-21.15 -53.25 -19.65 0 0 0
-19.65 -51.15 -21.15 0 0 0
-14.25 -53.25 -37.95 0 0 0
-15.15 -48.45 -31.65 0 0 0
-10.05 -44.25 -37.35 0 0 0
-13.35 -44.25 -28.95 0 0 0
-1.35 -43.65 -35.55 0 0 0
-17.55 -52.65 -28.35 0 0 0
-18.15 -51.15 -25.65 0 0 0
-17.25 -48.45 -25.65 0 0 0
-18.75 -51.15 -22.95 0 0 0
-18.45 -48.75 -21.45 0 0 0
-15.75 -45.15 -24.15 0 0 0
-13.95 -43.35 -27.15 0 0 0
-12.15 -39.75 -28.35 0 0 0
-14.25 -42.15 -24.75 0 0 0
-16.95 -46.35 -23.55 0 0 0
-15.75 -45.15 -23.85 0 0 0
-16.05 -44.55 -22.65 0 0 0
-17.85 -46.65 -20.85 0 0 0
-18.15 -46.65 -19.35 0 0 0
-17.25 -44.85 -19.35 0 0 0
-16.65 -45.45 -20.85 0 0 0
-14.55 -42.15 -22.65 0 0 0
-15.45 -42.45 -20.55 0 0 0
-14.85 -38.85 -21.15 0 0 0
-14.55 -38.85 -20.25 0 0 0
-29.55 -75.45 -17.55 0 0 0
-30.45 -75.75 -14.85 0 0 0
-29.55 -72.15 -16.35 0 0 0
-29.55 -72.75 -15.15 0 0 0
-29.25 -72.45 -14.55 0 0 0
-29.25 -70.65 -15.75 0 0 0
-29.25 -70.65 -15.45 0 0 0
-30.45 -75.75 -13.65 0 0 0
-30.15 -75.75 -13.05 0 0 0
-29.85 -72.45 -14.25 0 0 0
-29.85 -73.05 -12.75 0 0 0
-29.85 -72.45 -12.45 0 0 0
-30.75 -76.05 -10.35 0 0 0
-29.85 -72.75 -11.25 0 0 0
-28.95 -71.55 -13.95 0 0 0
-29.25 -70.65 -13.65 0 0 0
-29.55 -70.65 -12.75 0 0 0
-29.55 -71.85 -11.85 0 0 0
-29.55 -70.65 -11.25 0 0 0
-28.65 -72.15 -17.25 0 0 0
-27.75 -70.65 -18.75 0 0 0
-28.65 -71.25 -17.55 0 0 0
-28.35 -70.65 -16.95 0 0 0
-26.55 -68.25 -18.45 0 0 0
-27.45 -68.55 -17.55 0 0 0
-27.15 -67.35 -17.85 0 0 0
-27.45 -67.65 -16.95 0 0 0
-28.65 -70.65 -14.55 0 0 0
-27.15 -68.55 -15.75 0 0 0
-27.45 -67.65 -16.35 0 0 0
-28.35 -68.55 -15.15 0 0 0
-27.45 -68.55 -15.45 0 0 0
-28.05 -67.95 -14.85 0 0 0
-26.85 -67.35 -14.85 0 0 0
-27.75 -68.85 -12.15 0 0 0
-28.05 -68.85 -11.85 0 0 0
-28.05 -69.15 -10.65 0 0 0
-28.35 -68.25 -10.65 0 0 0
-28.05 -67.95 -10.05 0 0 0
-27.45 -67.35 -10.35 0 0 0
-26.85 -67.05 -17.55 0 0 0
-26.25 -67.05 -18.15 0 0 0
-25.95 -65.25 -18.15 0 0 0
-26.25 -65.25 -17.85 0 0 0
-25.05 -62.85 -19.05 0 0 0
-25.05 -64.65 -17.85 0 0 0
-25.35 -63.45 -16.95 0 0 0
-27.15 -67.05 -16.65 0 0 0
-26.55 -65.25 -15.45 0 0 0
-25.95 -65.55 -16.05 0 0 0
-26.25 -65.55 -15.15 0 0 0
-25.65 -64.65 -15.75 0 0 0
-25.35 -63.15 -16.05 0 0 0
-25.65 -63.75 -15.15 0 0 0
-25.65 -63.45 -14.85 0 0 0
-24.45 -61.95 -18.45 0 0 0
-24.45 -60.15 -17.85 0 0 0
-25.05 -61.95 -16.05 0 0 0
-24.45 -60.15 -16.35 0 0 0
-24.45 -58.05 -16.05 0 0 0
-25.35 -57.75 -14.85 0 0 0
-23.85 -59.85 -18.75 0 0 0
-27.75 -67.05 -12.45 0 0 0
-25.95 -63.75 -13.65 0 0 0
-26.25 -63.75 -12.45 0 0 0
-27.15 -65.25 -10.95 0 0 0
-27.45 -66.15 -9.75 0 0 0
-26.85 -65.25 -10.05 0 0 0
-26.55 -64.05 -10.05 0 0 0
-24.15 -60.45 -14.25 0 0 0
-25.35 -60.75 -10.95 0 0 0
-24.15 -58.65 -9.75 0 0 0
-30.75 -76.05 -8.55 0 0 0
-30.45 -73.65 -9.45 0 0 0
-30.45 -73.05 -8.85 0 0 0
-30.45 -73.65 -7.95 0 0 0
-29.25 -73.35 -7.65 0 0 0
-29.85 -72.15 -7.65 0 0 0
-30.75 -76.65 -5.55 0 0 0
-30.15 -73.95 -6.45 0 0 0
-30.15 -72.15 -6.45 0 0 0
-30.15 -73.95 -5.85 0 0 0
-29.85 -73.35 -5.25 0 0 0
-29.85 -71.85 -9.45 0 0 0
-29.85 -70.95 -8.55 0 0 0
-29.85 -70.95 -7.65 0 0 0
-29.85 -70.95 -6.75 0 0 0
-29.85 -70.95 -4.95 0 0 0
-29.85 -73.35 -4.65 0 0 0
-29.55 -73.65 -3.75 0 0 0
-29.55 -73.65 -3.15 0 0 0
-29.55 -72.45 -2.85 0 0 0
-29.55 -70.95 -4.35 0 0 0
-28.65 -73.35 -8.55 0 0 0
-28.65 -68.85 -9.15 0 0 0
-28.65 -68.55 -8.85 0 0 0
-27.75 -67.35 -9.45 0 0 0
-27.75 -68.25 -8.55 0 0 0
-28.35 -69.15 -8.25 0 0 0
-28.65 -68.85 -7.65 0 0 0
-28.05 -67.35 -8.25 0 0 0
-28.05 -67.95 -7.35 0 0 0
-28.35 -69.45 -6.75 0 0 0
-28.65 -68.85 -6.45 0 0 0
-28.65 -68.25 -6.75 0 0 0
-28.05 -67.95 -6.45 0 0 0
-26.85 -67.35 -6.45 0 0 0
-28.35 -68.85 -5.85 0 0 0
-28.05 -69.45 -5.25 0 0 0
-28.05 -68.25 -5.85 0 0 0
-28.05 -67.35 -5.25 0 0 0
-28.05 -69.75 -4.05 0 0 0
-28.05 -69.75 -2.55 0 0 0
-28.05 -68.55 -4.65 0 0 0
-28.05 -68.55 -4.05 0 0 0
-27.75 -67.35 -4.05 0 0 0
-28.05 -68.85 -3.15 0 0 0
-27.75 -68.55 -2.85 0 0 0
-28.35 -69.75 -1.95 0 0 0
-28.65 -68.85 -1.95 0 0 0
-27.45 -66.15 -9.45 0 0 0
-26.85 -65.55 -9.45 0 0 0
-27.45 -65.25 -8.55 0 0 0
-27.45 -66.45 -7.35 0 0 0
-26.55 -65.85 -7.65 0 0 0
-27.15 -64.05 -8.55 0 0 0
-26.85 -64.05 -8.25 0 0 0
-26.55 -62.85 -7.65 0 0 0
-26.25 -62.55 -7.95 0 0 0
-27.75 -66.45 -6.15 0 0 0
-27.15 -65.85 -6.15 0 0 0
-27.45 -66.45 -5.55 0 0 0
-27.15 -65.25 -5.85 0 0 0
-27.15 -64.35 -6.45 0 0 0
-26.85 -64.35 -5.85 0 0 0
-25.95 -62.85 -6.75 0 0 0
-25.95 -61.05 -7.95 0 0 0
-25.95 -58.95 -8.85 0 0 0
-25.05 -59.85 -8.25 0 0 0
-27.75 -66.45 -4.35 0 0 0
-27.45 -66.75 -3.75 0 0 0
-27.15 -66.15 -3.45 0 0 0
-27.15 -64.65 -4.65 0 0 0
-26.85 -64.65 -2.85 0 0 0
-24.45 -57.45 -15.75 0 0 0
-21.75 -53.55 -16.95 0 0 0
-20.85 -53.55 -18.15 0 0 0
-23.25 -56.85 -15.75 0 0 0
-21.75 -53.55 -16.35 0 0 0
-21.45 -53.85 -16.35 0 0 0
-20.55 -51.45 -18.45 0 0 0
-22.35 -53.85 -13.65 0 0 0
-23.55 -57.15 -10.95 0 0 0
-21.75 -54.15 -11.25 0 0 0
-22.05 -54.15 -10.05 0 0 0
-21.75 -51.75 -12.15 0 0 0
-20.85 -48.75 -12.15 0 0 0
-21.45 -51.75 -10.05 0 0 0
-20.25 -48.75 -10.95 0 0 0
-19.95 -48.15 -9.75 0 0 0
-19.65 -46.05 -11.55 0 0 0
-20.25 -47.85 -10.05 0 0 0
-19.35 -46.35 -10.35 0 0 0
-20.55 -52.05 -8.85 0 0 0
-19.95 -48.15 -9.45 0 0 0
-19.35 -48.45 -7.35 0 0 0
-19.35 -46.35 -9.15 0 0 0
-19.35 -46.65 -7.95 0 0 0
-18.75 -46.95 -17.85 0 0 0
-18.15 -45.75 -17.25 0 0 0
-17.85 -45.45 -18.45 0 0 0
-17.25 -43.95 -18.45 0 0 0
-16.65 -42.45 -17.85 0 0 0
-15.45 -40.05 -18.15 0 0 0
-15.45 -40.05 -17.55 0 0 0
-16.95 -40.65 -15.75 0 0 0
-19.05 -45.45 -11.55 0 0 0
-18.15 -43.35 -11.55 0 0 0
-19.05 -45.45 -10.05 0 0 0
-17.85 -43.35 -10.65 0 0 0
-18.15 -43.05 -11.85 0 0 0
-18.45 -43.05 -10.05 0 0 0
-16.65 -38.85 -10.65 0 0 0
-16.05 -38.85 -9.75 0 0 0
-19.05 -48.45 -7.35 0 0 0
-18.75 -47.55 -7.65 0 0 0
-19.05 -45.15 -9.45 0 0 0
-18.15 -43.35 -8.55 0 0 0
-18.75 -45.45 -7.65 0 0 0
-18.45 -46.95 -7.05 0 0 0
-16.65 -46.35 -5.25 0 0 0
-17.55 -41.25 -9.45 0 0 0
-16.65 -41.55 -7.65 0 0 0
-16.95 -40.65 -7.65 0 0 0
-16.05 -38.85 -8.85 0 0 0
-14.55 -41.85 -4.95 0 0 0
-15.15 -46.95 -3.15 0 0 0
-15.45 -40.95 -3.45 0 0 0
-15.15 -41.25 -1.95 0 0 0
-13.95 -42.15 -3.15 0 0 0
-1.95 -40.35 -8.55 0 0 0
-10.35 -35.85 -26.55 0 0 0
-10.95 -35.85 -25.95 0 0 0
-10.65 -34.95 -24.45 0 0 0
-12.15 -37.35 -23.55 0 0 0
-11.85 -37.35 -23.85 0 0 0
-12.15 -34.05 -21.75 0 0 0
-13.65 -37.95 -19.35 0 0 0
-12.15 -35.25 -20.25 0 0 0
-10.05 -30.75 -23.25 0 0 0
-12.75 -32.55 -19.35 0 0 0
-9.75 -28.65 -20.25 0 0 0
-9.75 -27.45 -19.35 0 0 0
-9.15 -27.15 -22.05 0 0 0
-9.45 -25.65 -19.65 0 0 0
-8.85 -23.85 -19.35 0 0 0
-14.55 -38.25 -16.35 0 0 0
-13.95 -36.45 -17.25 0 0 0
-13.95 -34.05 -18.15 0 0 0
-10.95 -37.95 -16.35 0 0 0
-12.75 -32.85 -18.45 0 0 0
-15.15 -37.35 -12.45 0 0 0
-16.05 -37.35 -11.25 0 0 0
-15.15 -36.15 -10.95 0 0 0
-15.45 -36.15 -10.35 0 0 0
-15.15 -34.05 -11.25 0 0 0
-14.55 -33.75 -10.35 0 0 0
-12.75 -34.05 -12.15 0 0 0
-14.25 -33.75 -9.75 0 0 0
-13.35 -31.05 -13.05 0 0 0
-13.65 -31.35 -10.95 0 0 0
-13.65 -31.35 -9.75 0 0 0
-1.35 -35.85 -17.85 0 0 0
-1.65 -36.45 -15.75 0 0 0
-4.35 -35.55 -14.85 0 0 0
-8.25 -32.55 -16.95 0 0 0
-8.25 -32.85 -16.65 0 0 0
-1.95 -33.45 -15.75 0 0 0
-4.95 -37.05 -13.05 0 0 0
-1.95 -34.35 -13.95 0 0 0
-8.85 -33.45 -13.95 0 0 0
-10.35 -28.05 -19.05 0 0 0
-12.45 -28.35 -11.55 0 0 0
-12.75 -28.35 -9.75 0 0 0
-12.15 -26.25 -10.95 0 0 0
-11.55 -24.45 -11.25 0 0 0
-11.85 -26.25 -10.35 0 0 0
-11.55 -24.75 -9.75 0 0 0
-9.75 -21.45 -13.35 0 0 0
-10.35 -22.95 -10.35 0 0 0
-10.05 -21.45 -11.25 0 0 0
-9.15 -25.95 -18.15 0 0 0
-0.15 -28.05 -14.85 0 0 0
-8.25 -28.65 -13.95 0 0 0
-0.15 -28.05 -13.65 0 0 0
-0.15 -28.05 -11.85 0 0 0
-15.75 -37.65 -8.55 0 0 0
-15.15 -36.15 -8.85 0 0 0
-15.45 -37.65 -7.95 0 0 0
-15.15 -36.45 -7.35 0 0 0
-14.85 -34.05 -9.15 0 0 0
-14.55 -34.05 -8.55 0 0 0
-15.15 -37.65 -6.75 0 0 0
-14.25 -36.45 -7.95 0 0 0
-13.35 -36.45 -7.05 0 0 0
-13.05 -34.95 -6.45 0 0 0
-12.75 -34.65 -7.05 0 0 0
-13.95 -34.35 -5.85 0 0 0
-13.65 -31.65 -8.85 0 0 0
-13.95 -31.65 -7.65 0 0 0
-13.35 -29.25 -8.55 0 0 0
-12.75 -29.55 -7.35 0 0 0
-10.95 -31.95 -5.55 0 0 0
-12.45 -29.85 -6.15 0 0 0
-13.95 -34.95 -4.35 0 0 0
-11.85 -31.95 -4.65 0 0 0
-12.15 -32.25 -1.65 0 0 0
-12.75 -28.65 -9.45 0 0 0
-12.75 -28.35 -8.55 0 0 0
-12.75 -28.65 -7.35 0 0 0
-11.85 -26.55 -9.15 0 0 0
-11.55 -24.75 -9.45 0 0 0
-11.25 -24.75 -8.85 0 0 0
-11.55 -24.75 -7.65 0 0 0
-11.25 -26.85 -6.45 0 0 0
-10.65 -23.25 -8.55 0 0 0
-2.55 -26.25 -6.15 0 0 0
-7.95 -19.05 -13.05 0 0 0
1.35 -98.55 -41.55 0 0 0
7.65 -94.05 -41.55 0 0 0
7.35 -94.05 -39.75 0 0 0
10.35 -91.95 -40.65 0 0 0
40.35 -84.45 -42.45 0 0 0
39.75 -84.75 -40.35 0 0 0
0.15 -115.35 -12.45 0 0 0
0.75 -115.95 -10.05 0 0 0
0.75 -116.25 -8.25 0 0 0
0.45 -115.65 -7.65 0 0 0
0.75 -115.95 -6.15 0 0 0
0.45 -115.95 -4.95 0 0 0
0.15 -115.65 -3.15 0 0 0
1.95 -99.75 -34.95 0 0 0
1.65 -99.45 -33.15 0 0 0
1.65 -108.45 -19.95 0 0 0
3.15 -101.25 -27.75 0 0 0
4.35 -103.35 -19.65 0 0 0
7.95 -97.05 -22.95 0 0 0
8.55 -98.25 -20.55 0 0 0
6.75 -94.05 -34.65 0 0 0
7.35 -95.25 -29.25 0 0 0
10.35 -91.95 -36.45 0 0 0
11.85 -90.45 -34.95 0 0 0
18.15 -88.65 -34.35 0 0 0
10.05 -92.25 -32.25 0 0 0
11.85 -90.45 -30.15 0 0 0
18.45 -89.25 -28.95 0 0 0
10.35 -93.15 -28.35 0 0 0
12.45 -91.05 -28.35 0 0 0
17.55 -88.35 -27.75 0 0 0
11.25 -94.65 -21.75 0 0 0
11.25 -94.95 -20.85 0 0 0
11.25 -94.65 -19.95 0 0 0
13.95 -92.55 -20.25 0 0 0
18.45 -90.15 -21.45 0 0 0
18.45 -90.15 -19.95 0 0 0
23.55 -86.85 -30.45 0 0 0
33.15 -86.25 -30.45 0 0 0
23.85 -87.75 -25.05 0 0 0
23.85 -87.75 -23.85 0 0 0
24.45 -88.35 -19.65 0 0 0
33.15 -87.75 -22.95 0 0 0
32.55 -86.55 -22.65 0 0 0
2.25 -109.05 -17.55 0 0 0
2.25 -109.35 -15.45 0 0 0
2.55 -109.95 -15.45 0 0 0
2.85 -110.55 -11.85 0 0 0
3.15 -110.55 -10.65 0 0 0
2.25 -109.35 -13.35 0 0 0
2.85 -110.25 -10.65 0 0 0
4.35 -103.35 -18.15 0 0 0
4.95 -104.55 -16.05 0 0 0
8.55 -98.55 -18.45 0 0 0
8.25 -98.25 -17.25 0 0 0
8.55 -99.15 -15.15 0 0 0
5.25 -104.55 -13.95 0 0 0
5.25 -105.15 -12.15 0 0 0
5.55 -105.45 -10.95 0 0 0
8.85 -99.45 -14.25 0 0 0
8.85 -99.45 -13.05 0 0 0
8.85 -100.35 -9.75 0 0 0
12.15 -96.45 -15.15 0 0 0
12.45 -97.05 -12.75 0 0 0
12.15 -97.05 -10.95 0 0 0
3.15 -110.85 -8.85 0 0 0
3.45 -111.15 -7.65 0 0 0
3.45 -111.15 -6.15 0 0 0
3.45 -111.15 -5.25 0 0 0
6.15 -106.05 -9.45 0 0 0
6.15 -106.05 -7.35 0 0 0
3.45 -111.15 -4.35 0 0 0
3.15 -111.15 -3.15 0 0 0
3.45 -111.15 -2.25 0 0 0
3.75 -111.45 -1.65 0 0 0
4.35 -104.25 -6.15 0 0 0
5.55 -105.45 -8.85 0 0 0
8.85 -100.05 -9.15 0 0 0
9.15 -100.65 -7.95 0 0 0
7.35 -98.85 -5.25 0 0 0
3.45 -103.35 -4.05 0 0 0
3.75 -103.35 -3.45 0 0 0
3.75 -103.65 -2.25 0 0 0
7.05 -98.55 -4.65 0 0 0
7.95 -99.75 -3.45 0 0 0
11.85 -96.75 -7.65 0 0 0
12.15 -97.05 -8.55 0 0 0
11.25 -96.45 -3.45 0 0 0
20.55 -100.35 -1.35 0 0 0
11.25 -95.25 -18.45 0 0 0
11.55 -95.25 -17.25 0 0 0
14.25 -92.85 -17.85 0 0 0
14.55 -93.15 -17.55 0 0 0
14.55 -93.45 -15.15 0 0 0
18.45 -90.45 -19.05 0 0 0
18.75 -91.05 -16.95 0 0 0
15.15 -94.05 -13.35 0 0 0
19.05 -91.35 -14.25 0 0 0
15.75 -94.35 -10.95 0 0 0
9.75 -94.35 -6.75 0 0 0
14.25 -92.85 -5.85 0 0 0
15.45 -94.35 -7.35 0 0 0
15.15 -94.05 -7.05 0 0 0
14.55 -93.15 -5.85 0 0 0
18.15 -91.35 -5.25 0 0 0
17.85 -91.05 -5.25 0 0 0
10.65 -95.85 -3.15 0 0 0
16.35 -95.25 -2.55 0 0 0
17.85 -91.35 -4.05 0 0 0
18.75 -92.25 -2.55 0 0 0
17.85 -91.05 -3.75 0 0 0
24.45 -88.95 -17.55 0 0 0
24.45 -88.65 -17.25 0 0 0
25.05 -89.55 -15.15 0 0 0
19.35 -92.25 -13.65 0 0 0
19.65 -92.25 -12.15 0 0 0
19.65 -92.85 -10.65 0 0 0
25.35 -89.85 -13.35 0 0 0
25.95 -90.75 -11.55 0 0 0
25.95 -90.75 -10.65 0 0 0
33.15 -88.35 -18.45 0 0 0
32.85 -87.75 -17.55 0 0 0
33.15 -88.95 -14.85 0 0 0
33.15 -88.65 -16.05 0 0 0
33.45 -89.25 -13.95 0 0 0
33.45 -89.85 -12.45 0 0 0
33.15 -89.55 -11.55 0 0 0
33.45 -90.15 -9.75 0 0 0
33.15 -89.55 -10.05 0 0 0
19.65 -92.85 -8.55 0 0 0
26.25 -91.35 -7.95 0 0 0
25.95 -90.75 -8.25 0 0 0
25.65 -90.75 -6.45 0 0 0
21.45 -95.55 -1.35 0 0 0
25.65 -90.75 -4.65 0 0 0
25.05 -89.85 -1.65 0 0 0
33.15 -89.85 -8.55 0 0 0
33.15 -89.85 -7.35 0 0 0
33.15 -89.85 -6.15 0 0 0
32.85 -89.85 -4.95 0 0 0
32.85 -90.15 -3.45 0 0 0
32.85 -90.15 -2.25 0 0 0
40.05 -85.05 -36.45 0 0 0
40.65 -85.35 -32.55 0 0 0
39.75 -85.65 -30.75 0 0 0
39.45 -85.05 -29.85 0 0 0
39.75 -86.55 -24.45 0 0 0
40.35 -88.05 -20.85 0 0 0
40.35 -88.35 -19.35 0 0 0
39.75 -85.95 -26.85 0 0 0
40.65 -89.25 -17.55 0 0 0
40.65 -89.25 -16.65 0 0 0
40.65 -88.95 -14.85 0 0 0
47.85 -88.95 -17.85 0 0 0
47.55 -88.05 -17.85 0 0 0
47.55 -88.95 -16.65 0 0 0
47.55 -88.65 -16.65 0 0 0
47.55 -88.65 -14.85 0 0 0
40.65 -89.55 -13.35 0 0 0
40.65 -89.55 -11.85 0 0 0
40.65 -89.55 -9.75 0 0 0
46.95 -87.75 -13.95 0 0 0
46.65 -87.15 -13.65 0 0 0
46.95 -88.05 -13.05 0 0 0
46.35 -86.85 -13.05 0 0 0
46.65 -88.05 -11.55 0 0 0
46.65 -87.45 -11.85 0 0 0
46.65 -88.05 -10.65 0 0 0
46.95 -88.65 -10.05 0 0 0
48.15 -88.05 -15.75 0 0 0
52.05 -87.45 -16.35 0 0 0
47.55 -85.35 -18.15 0 0 0
47.85 -85.35 -14.85 0 0 0
47.55 -85.65 -12.75 0 0 0
45.45 -85.95 -9.75 0 0 0
46.95 -85.95 -10.95 0 0 0
47.25 -85.95 -10.65 0 0 0
48.45 -85.35 -16.05 0 0 0
50.25 -83.55 -16.35 0 0 0
49.95 -82.95 -14.55 0 0 0
48.15 -85.65 -13.95 0 0 0
49.95 -82.65 -13.95 0 0 0
49.65 -82.05 -9.75 0 0 0
49.35 -81.45 -12.75 0 0 0
53.85 -79.65 -12.75 0 0 0
40.65 -89.55 -9.45 0 0 0
40.35 -89.25 -8.25 0 0 0
40.05 -88.95 -6.15 0 0 0
39.75 -88.35 -5.55 0 0 0
44.25 -89.25 -7.35 0 0 0
44.85 -86.55 -7.35 0 0 0
44.25 -86.55 -6.45 0 0 0
44.55 -86.55 -5.85 0 0 0
39.75 -88.35 -4.05 0 0 0
39.45 -87.45 -2.85 0 0 0
39.15 -87.15 -1.65 0 0 0
43.35 -86.85 -3.45 0 0 0
45.45 -85.65 -8.55 0 0 0
45.15 -85.05 -8.25 0 0 0
45.75 -86.25 -8.55 0 0 0
44.85 -85.05 -6.15 0 0 0
44.55 -84.75 -4.95 0 0 0
47.85 -78.45 -5.25 0 0 0
44.55 -84.75 -4.35 0 0 0
44.85 -85.95 -1.05 0 0 0
49.65 -82.05 -9.45 0 0 0
51.75 -76.95 -6.75 0 0 0
48.75 -80.25 -4.05 0 0 0
49.35 -81.15 -3.15 0 0 0
52.35 -78.75 -3.15 0 0 0
52.65 -79.95 -1.05 0 0 0
55.95 -79.65 -1.05 0 0 0
17.25 -64.35 -40.65 0 0 0
30.15 -70.35 -44.25 0 0 0
35.55 -70.95 -43.65 0 0 0
38.25 -74.55 -39.45 0 0 0
29.85 -70.95 -41.55 0 0 0
24.15 -60.15 -42.15 0 0 0
0.15 -40.05 -38.55 0 0 0
3.15 -34.95 -39.15 0 0 0
35.25 -71.25 -36.15 0 0 0
33.15 -70.35 -32.85 0 0 0
35.25 -71.55 -32.85 0 0 0
12.45 -52.05 -22.35 0 0 0
15.75 -58.65 -10.65 0 0 0
22.05 -59.55 -18.75 0 0 0
36.15 -67.05 -11.85 0 0 0
26.55 -70.35 -2.55 0 0 0
34.35 -67.65 -4.95 0 0 0
31.95 -73.35 -3.15 0 0 0
30.75 -67.35 -3.15 0 0 0
21.45 -66.45 -6.45 0 0 0
21.45 -61.05 -7.65 0 0 0
21.15 -61.65 -5.55 0 0 0
21.15 -66.45 -3.45 0 0 0
20.85 -62.25 -2.55 0 0 0
31.05 -67.05 -8.25 0 0 0
31.95 -62.55 -6.75 0 0 0
35.85 -65.55 -5.85 0 0 0
30.75 -64.95 -3.75 0 0 0
10.95 -48.75 -15.15 0 0 0
6.75 -38.55 -10.05 0 0 0
10.95 -39.75 -12.75 0 0 0
10.65 -52.95 -8.85 0 0 0
5.25 -38.85 -7.95 0 0 0
25.35 -48.45 -12.45 0 0 0
24.15 -56.25 -7.05 0 0 0
38.85 -71.85 -22.95 0 0 0
38.85 -72.45 -10.95 0 0 0
38.85 -71.55 -8.25 0 0 0
45.45 -71.55 -1.05 0 0 0
54.15 -76.05 -6.45 0 0 0
55.35 -70.35 -7.05 0 0 0
62.25 -74.25 -4.95 0 0 0
60.45 -69.75 -7.65 0 0 0
61.35 -69.45 -7.95 0 0 0
63.15 -69.15 -8.25 0 0 0
64.05 -69.15 -7.35 0 0 0
63.15 -69.45 -7.05 0 0 0
63.15 -74.25 -4.35 0 0 0
64.35 -63.75 -7.65 0 0 0
1.65 -36.75 -37.05 0 0 0
8.85 -37.65 -23.25 0 0 0
0.45 -37.05 -17.25 0 0 0
5.25 -34.65 -17.55 0 0 0
5.25 -34.95 -15.45 0 0 0
9.45 -37.95 -13.65 0 0 0
5.25 -35.85 -13.95 0 0 0
8.25 -38.25 -11.85 0 0 0
8.25 -29.25 -11.55 0 0 0
13.35 -37.95 -17.25 0 0 0
9.75 -37.95 -15.45 0 0 0
13.05 -38.25 -15.15 0 0 0
9.75 -34.35 -14.85 0 0 0
0.15 -28.05 -15.45 0 0 0
7.05 -25.05 -18.45 0 0 0
7.35 -23.85 -16.95 0 0 0
9.15 -23.55 -15.75 0 0 0
8.25 -22.95 -14.85 0 0 0
9.15 -23.55 -14.55 0 0 0
4.65 -26.25 -10.65 0 0 0
6.75 -24.15 -12.75 0 0 0
6.75 -24.15 -11.85 0 0 0
7.35 -24.75 -10.05 0 0 0
7.65 -23.55 -13.65 0 0 0
9.15 -23.85 -14.25 0 0 0
8.55 -22.65 -14.25 0 0 0
8.55 -23.85 -13.05 0 0 0
8.85 -22.95 -12.15 0 0 0
9.15 -23.25 -10.95 0 0 0
10.05 -22.35 -16.35 0 0 0
11.55 -21.45 -16.35 0 0 0
11.25 -20.55 -15.45 0 0 0
11.55 -20.85 -14.55 0 0 0
14.25 -19.35 -14.55 0 0 0
13.95 -25.65 -10.05 0 0 0
10.65 -22.05 -13.35 0 0 0
10.95 -21.45 -14.25 0 0 0
10.95 -21.45 -13.35 0 0 0
11.25 -21.15 -12.75 0 0 0
11.25 -21.15 -12.15 0 0 0
14.25 -19.35 -14.25 0 0 0
10.35 -22.65 -11.25 0 0 0
9.75 -22.95 -10.05 0 0 0
12.15 -21.75 -10.65 0 0 0
11.55 -21.45 -11.55 0 0 0
10.95 -21.45 -10.35 0 0 0
15.15 -20.25 -10.05 0 0 0
1.05 -33.15 -4.95 0 0 0
10.95 -28.95 -6.75 0 0 0
11.85 -33.75 -4.05 0 0 0
7.35 -25.05 -9.45 0 0 0
7.35 -25.95 -0.45 0 0 0
13.35 -27.75 -8.25 0 0 0
14.25 -24.75 -4.95 0 0 0
10.65 -23.55 -8.25 0 0 0
15.75 -20.25 -9.45 0 0 0
17.25 -20.55 -6.15 0 0 0
19.05 -20.25 -5.85 0 0 0
13.95 -25.95 -1.35 0 0 0
15.75 -21.15 -1.05 0 0 0
22.35 -33.75 -13.95 0 0 0
20.85 -28.95 -13.95 0 0 0
27.75 -30.45 -2.55 0 0 0
25.95 -20.25 -1.35 0 0 0
7.65 -16.65 -12.75 0 0 0
14.25 -19.05 -16.05 0 0 0
17.25 -17.55 -17.25 0 0 0
15.75 -17.55 -14.55 0 0 0
17.55 -16.95 -14.55 0 0 0
15.75 -18.15 -13.65 0 0 0
18.75 -15.15 -13.35 0 0 0
15.45 -17.85 -11.25 0 0 0
15.75 -18.15 -10.05 0 0 0
17.55 -17.55 -9.75 0 0 0
10.35 -13.05 -12.15 0 0 0
4.65 -16.65 -7.05 0 0 0
7.05 -17.25 -5.55 0 0 0
7.65 -13.65 -5.55 0 0 0
16.35 -19.05 -9.45 0 0 0
17.55 -18.15 -9.45 0 0 0
18.15 -16.95 -9.45 0 0 0
22.05 -13.95 -16.05 0 0 0
22.05 -13.65 -14.55 0 0 0
19.35 -16.05 -11.55 0 0 0
20.55 -15.15 -9.75 0 0 0
23.85 -12.15 -13.95 0 0 0
22.05 -13.35 -11.25 0 0 0
25.35 -11.25 -13.95 0 0 0
25.65 -11.55 -13.05 0 0 0
25.65 -12.15 -10.65 0 0 0
24.45 -11.25 -10.95 0 0 0
24.75 -11.85 -9.75 0 0 0
20.55 -15.15 -9.45 0 0 0
22.95 -16.35 -6.15 0 0 0
25.05 -14.25 -7.95 0 0 0
46.65 -33.45 -2.85 0 0 0
44.25 -31.05 -2.25 0 0 0
57.15 -34.35 -4.35 0 0 0
55.95 -29.55 -3.75 0 0 0
56.85 -29.55 -3.15 0 0 0
