-15.45 -122.25 -1.35 0 0 0 
-15.45 -120.75 -1.35 0 0 0 
-14.85 -121.35 -1.05 0 0 0 
-15.45 -120.75 -0.45 0 0 0 
-13.65 -121.35 -1.35 0 0 0 
-13.95 -120.45 -0.75 0 0 0 
-12.45 -121.05 -0.15 0 0 0 
-15.75 -119.55 -1.65 0 0 0 
-15.45 -118.35 -1.95 0 0 0 
-15.45 -119.85 -1.05 0 0 0 
-16.05 -117.75 -0.75 0 0 0 
-16.35 -116.85 -1.35 0 0 0 
-16.05 -115.95 -1.35 0 0 0 
-15.75 -117.45 -0.75 0 0 0 
-14.55 -116.85 -0.15 0 0 0 
-14.85 -115.95 -0.75 0 0 0 
-13.05 -118.95 -0.15 0 0 0 
-10.95 -118.95 -0.75 0 0 0 
-10.65 -119.25 -0.45 0 0 0 
-11.25 -118.05 -0.75 0 0 0 
-11.55 -118.05 -0.15 0 0 0 
-10.35 -118.65 -0.15 0 0 0 
-14.25 -115.35 -0.75 0 0 0 
-12.45 -115.35 -0.15 0 0 0 
-11.25 -116.85 -0.15 0 0 0 
-10.65 -116.85 -0.15 0 0 0 
-11.85 -115.35 -0.45 0 0 0 
-8.55 -121.05 -0.75 0 0 0 
-6.75 -121.05 -0.15 0 0 0 
-8.85 -119.55 -0.45 0 0 0 
-9.15 -118.05 -0.75 0 0 0 
-6.75 -119.85 -0.45 0 0 0 
-5.55 -118.35 -0.45 0 0 0 
-7.95 -117.15 -0.75 0 0 0 
-9.15 -116.25 -0.15 0 0 0 
-6.75 -116.85 -0.75 0 0 0 
-5.55 -116.55 -0.15 0 0 0 
-6.45 -115.65 -0.45 0 0 0 
-3.75 -119.85 -0.45 0 0 0 
-1.05 -119.25 -0.45 0 0 0 
-4.05 -116.85 -0.75 0 0 0 
-2.55 -116.85 -0.45 0 0 0 
-3.45 -115.95 -0.15 0 0 0 
-1.35 -116.85 -0.45 0 0 0 
-1.35 -115.35 -0.45 0 0 0 
-15.75 -114.15 -1.35 0 0 0 
-15.75 -113.55 -1.35 0 0 0 
-14.85 -113.25 -1.35 0 0 0 
-15.15 -114.75 -0.75 0 0 0 
-15.75 -113.25 -1.05 0 0 0 
-15.75 -112.05 -1.95 0 0 0 
-15.45 -111.75 -1.35 0 0 0 
-14.85 -110.85 -1.35 0 0 0 
-14.85 -112.05 -1.05 0 0 0 
-14.55 -111.45 -0.75 0 0 0 
-13.35 -115.05 -1.05 0 0 0 
-12.75 -113.85 -1.05 0 0 0 
-11.25 -115.05 -0.45 0 0 0 
-11.55 -113.25 -0.45 0 0 0 
-12.45 -112.05 -0.45 0 0 0 
-12.45 -110.55 -0.75 0 0 0 
-11.55 -111.75 -0.45 0 0 0 
-11.85 -110.85 -0.15 0 0 0 
-14.55 -109.65 -1.65 0 0 0 
-15.45 -108.45 -1.35 0 0 0 
-15.45 -109.95 -0.15 0 0 0 
-15.45 -107.85 -1.95 0 0 0 
-14.85 -106.35 -1.65 0 0 0 
-15.15 -107.25 -0.45 0 0 0 
-14.25 -109.65 -1.35 0 0 0 
-13.65 -109.65 -0.75 0 0 0 
-14.25 -109.05 -0.75 0 0 0 
-11.85 -109.95 -0.45 0 0 0 
-11.85 -108.75 -0.45 0 0 0 
-14.25 -107.85 -1.65 0 0 0 
-14.25 -107.25 -0.75 0 0 0 
-13.95 -106.65 -0.75 0 0 0 
-11.85 -106.95 -0.75 0 0 0 
-11.55 -106.65 -0.15 0 0 0 
-2.25 -115.05 -0.15 0 0 0 
-14.55 -105.45 -1.35 0 0 0 
-14.85 -103.35 -1.65 0 0 0 
-15.15 -104.85 -0.15 0 0 0 
-15.15 -103.35 -0.15 0 0 0 
-14.85 -101.25 -1.65 0 0 0 
-15.15 -102.45 -0.15 0 0 0 
-14.25 -105.45 -1.35 0 0 0 
-13.35 -105.45 -0.45 0 0 0 
-12.75 -103.35 -1.05 0 0 0 
-11.25 -104.85 -0.15 0 0 0 
-11.25 -104.25 -0.45 0 0 0 
-13.35 -101.85 -1.35 0 0 0 
-12.75 -102.15 -1.05 0 0 0 
-12.75 -100.95 -1.05 0 0 0 
-10.65 -102.75 -0.15 0 0 0 
-15.75 -100.35 -1.35 0 0 0 
-15.75 -99.75 -0.45 0 0 0 
-14.55 -98.85 -0.15 0 0 0 
-16.65 -97.95 -1.05 0 0 0 
-16.35 -96.75 -1.05 0 0 0 
-13.65 -100.35 -0.75 0 0 0 
-12.45 -99.15 -0.75 0 0 0 
-10.65 -100.65 -0.45 0 0 0 
-10.65 -99.15 -0.75 0 0 0 
-13.05 -97.05 -0.75 0 0 0 
-11.25 -96.75 -0.75 0 0 0 
-19.95 -90.75 -1.35 0 0 0 
-19.95 -90.45 -0.45 0 0 0 
-19.95 -89.85 -0.75 0 0 0 
-22.05 -87.45 -0.75 0 0 0 
-21.15 -88.35 -0.75 0 0 0 
-20.85 -88.05 -0.45 0 0 0 
-21.15 -86.55 -0.75 0 0 0 
-20.25 -87.15 -0.75 0 0 0 
-19.65 -86.85 -0.15 0 0 0 
-28.95 -82.05 -0.75 0 0 0 
-32.85 -80.85 -1.05 0 0 0 
-32.55 -80.55 -0.45 0 0 0 
-31.95 -81.15 -0.45 0 0 0 
-32.85 -80.25 -0.75 0 0 0 
-32.55 -79.95 -0.15 0 0 0 
-31.65 -79.65 -0.75 0 0 0 
-31.95 -79.35 -0.15 0 0 0 
-29.85 -81.45 -0.45 0 0 0 
-30.15 -79.35 -0.45 0 0 0 
-32.85 -78.75 -0.75 0 0 0 
-31.35 -78.75 -1.05 0 0 0 
-31.95 -79.05 -0.45 0 0 0 
-31.95 -78.15 -0.15 0 0 0 
-31.65 -77.85 -0.75 0 0 0 
-31.65 -77.85 -0.45 0 0 0 
-30.75 -78.45 -1.05 0 0 0 
-30.15 -78.45 -0.15 0 0 0 
-30.45 -77.85 -0.15 0 0 0 
-25.95 -85.35 -1.35 0 0 0 
-24.75 -85.05 -0.45 0 0 0 
-26.85 -83.85 -0.75 0 0 0 
-27.45 -82.35 -0.75 0 0 0 
-27.15 -81.75 -0.15 0 0 0 
-25.35 -83.85 -0.15 0 0 0 
-24.75 -83.25 -0.45 0 0 0 
-22.35 -85.65 -0.75 0 0 0 
-23.25 -84.45 -0.75 0 0 0 
-19.35 -86.25 -0.15 0 0 0 
-27.75 -80.25 -0.45 0 0 0 
-17.25 -95.85 -1.05 0 0 0 
-17.55 -94.35 -0.15 0 0 0 
-15.75 -94.35 -1.05 0 0 0 
-18.15 -93.15 -0.75 0 0 0 
-18.75 -92.25 -1.05 0 0 0 
-16.95 -91.35 -1.05 0 0 0 
-15.45 -93.15 -0.15 0 0 0 
-13.65 -95.85 -1.05 0 0 0 
-13.65 -94.35 -0.75 0 0 0 
-12.15 -94.65 -0.15 0 0 0 
-13.95 -92.85 -0.75 0 0 0 
-12.75 -93.15 -0.45 0 0 0 
-13.65 -91.65 -0.45 0 0 0 
-16.95 -90.45 -0.45 0 0 0 
-17.55 -88.95 -0.75 0 0 0 
-14.85 -91.05 -0.15 0 0 0 
-15.15 -89.85 -0.75 0 0 0 
-14.85 -88.95 -0.45 0 0 0 
-19.05 -88.35 -0.15 0 0 0 
-17.55 -88.05 -0.15 0 0 0 
-18.15 -87.15 -0.15 0 0 0 
-16.95 -87.15 -0.15 0 0 0 
-16.65 -88.05 -0.45 0 0 0 
-16.05 -87.15 -0.75 0 0 0 
-14.25 -90.75 -0.15 0 0 0 
-17.85 -86.25 -0.15 0 0 0 
-31.65 -76.65 -0.75 0 0 0 
-30.45 -75.45 -1.65 0 0 0 
-30.75 -75.75 -0.75 0 0 0 
-31.05 -75.75 -0.15 0 0 0 
-30.15 -75.45 -0.75 0 0 0 
-29.85 -75.45 -0.75 0 0 0 
-30.75 -73.35 -1.65 0 0 0 
-29.85 -73.95 -0.45 0 0 0 
-29.25 -69.15 -1.65 0 0 0 
-28.35 -76.05 -0.45 0 0 0 
-27.45 -74.55 -0.15 0 0 0 
-28.65 -73.35 -0.75 0 0 0 
-26.55 -72.15 -0.15 0 0 0 
-25.65 -72.15 -1.05 0 0 0 
-24.75 -72.15 -0.15 0 0 0 
-28.65 -70.05 -1.05 0 0 0 
-24.45 -71.55 -0.75 0 0 0 
-24.15 -70.05 -0.75 0 0 0 
-28.65 -67.95 -0.45 0 0 0 
-24.75 -68.85 -0.45 0 0 0 
-21.45 -70.35 -1.35 0 0 0 
-28.05 -65.55 -1.35 0 0 0 
-22.65 -65.85 -0.75 0 0 0 
-13.35 -61.35 -1.35 0 0 0 
-9.45 -55.95 -0.15 0 0 0 
-8.25 -52.05 -0.15 0 0 0 
-8.55 -49.65 -0.45 0 0 0 
-9.45 -48.15 -0.15 0 0 0 
-8.25 -46.95 -0.75 0 0 0 
-8.25 -44.55 -0.75 0 0 0 
-7.65 -41.55 -0.75 0 0 0 
-4.95 -38.25 -0.15 0 0 0 
-0.45 -36.75 -0.75 0 0 0 
0.75 -119.25 -0.75 0 0 0 
1.05 -118.35 -0.75 0 0 0 
2.55 -117.75 -0.15 0 0 0 
1.65 -116.25 -0.45 0 0 0 
2.85 -115.35 -0.15 0 0 0 
6.75 -116.55 -0.45 0 0 0 
1.95 -115.05 -0.15 0 0 0 
2.55 -114.15 -0.15 0 0 0 
3.45 -112.35 -0.15 0 0 0 
4.65 -110.55 -0.45 0 0 0 
5.25 -112.05 -0.15 0 0 0 
3.75 -110.25 -0.75 0 0 0 
4.65 -106.95 -0.45 0 0 0 
4.95 -110.25 -0.75 0 0 0 
5.25 -108.45 -0.45 0 0 0 
5.25 -107.55 -0.45 0 0 0 
5.55 -106.65 -0.15 0 0 0 
3.75 -104.55 -0.15 0 0 0 
2.55 -103.05 -0.15 0 0 0 
4.05 -102.15 -0.45 0 0 0 
5.85 -105.15 -0.45 0 0 0 
2.55 -100.05 -0.15 0 0 0 
4.35 -99.45 -0.45 0 0 0 
2.85 -96.75 -0.15 0 0 0 
3.45 -94.95 -0.15 0 0 0 
3.75 -93.15 -0.15 0 0 0 
4.95 -91.95 -0.15 0 0 0 
4.95 -90.15 -0.15 0 0 0 
5.55 -88.65 -0.15 0 0 0 
6.15 -86.85 -0.15 0 0 0 
6.75 -86.25 -0.15 0 0 0 
8.25 -85.05 -0.45 0 0 0 
10.05 -82.35 -1.65 0 0 0 
10.95 -82.05 -0.15 0 0 0 
12.75 -79.35 -1.95 0 0 0 
13.35 -80.25 -0.45 0 0 0 
15.45 -79.65 -0.15 0 0 0 
16.35 -78.15 -0.45 0 0 0 
16.95 -77.25 -0.45 0 0 0 
28.95 -87.75 -1.05 0 0 0 
35.85 -87.45 -0.45 0 0 0 
36.45 -87.15 -0.75 0 0 0 
36.75 -87.45 -0.45 0 0 0 
37.65 -87.15 -1.05 0 0 0 
37.35 -86.85 -0.45 0 0 0 
37.65 -84.45 -1.35 0 0 0 
38.25 -85.95 -0.45 0 0 0 
37.65 -84.75 -0.45 0 0 0 
39.15 -88.35 -1.05 0 0 0 
39.45 -85.95 -1.05 0 0 0 
39.15 -85.95 -0.15 0 0 0 
40.05 -85.65 -0.75 0 0 0 
39.15 -84.45 -0.75 0 0 0 
40.65 -84.45 -1.05 0 0 0 
40.05 -84.15 -0.45 0 0 0 
38.55 -83.25 -1.05 0 0 0 
39.15 -82.95 -0.45 0 0 0 
40.05 -83.85 -0.45 0 0 0 
39.45 -81.75 -1.05 0 0 0 
40.65 -82.65 -1.05 0 0 0 
41.25 -83.55 -0.75 0 0 0 
41.25 -82.05 -1.05 0 0 0 
39.45 -81.45 -1.05 0 0 0 
40.05 -81.45 -0.15 0 0 0 
40.05 -79.35 -0.75 0 0 0 
40.35 -79.35 -0.45 0 0 0 
41.25 -81.45 -0.15 0 0 0 
41.55 -79.35 -0.45 0 0 0 
40.05 -78.75 -0.15 0 0 0 
40.05 -77.55 -0.75 0 0 0 
40.35 -77.55 -0.45 0 0 0 
16.65 -76.65 -1.65 0 0 0 
18.45 -76.05 -0.15 0 0 0 
18.15 -58.05 -1.65 0 0 0 
18.45 -58.05 -1.05 0 0 0 
19.35 -74.85 -1.65 0 0 0 
20.85 -74.85 -1.05 0 0 0 
22.35 -73.95 -1.65 0 0 0 
22.95 -73.35 -0.15 0 0 0 
24.75 -73.35 -1.65 0 0 0 
25.65 -72.75 -1.05 0 0 0 
27.75 -73.35 -0.15 0 0 0 
37.65 -74.55 -1.05 0 0 0 
35.85 -73.05 -1.35 0 0 0 
35.85 -73.05 -0.75 0 0 0 
35.85 -72.75 -0.15 0 0 0 
37.05 -73.65 -1.35 0 0 0 
36.75 -73.65 -0.75 0 0 0 
37.35 -73.95 -1.05 0 0 0 
36.15 -73.05 -1.05 0 0 0 
31.95 -69.75 -1.65 0 0 0 
33.45 -70.95 -0.45 0 0 0 
32.25 -69.75 -0.45 0 0 0 
33.15 -70.35 -0.45 0 0 0 
30.75 -68.55 -1.35 0 0 0 
31.05 -69.15 -1.05 0 0 0 
31.05 -68.85 -0.45 0 0 0 
29.85 -68.25 -0.45 0 0 0 
30.15 -67.95 -0.75 0 0 0 
31.35 -69.45 -1.35 0 0 0 
31.65 -68.85 -0.45 0 0 0 
34.35 -71.85 -0.75 0 0 0 
34.05 -71.25 -0.45 0 0 0 
23.55 -62.55 -1.35 0 0 0 
26.25 -64.95 -1.35 0 0 0 
28.65 -66.75 -1.35 0 0 0 
26.55 -65.25 -1.35 0 0 0 
28.65 -66.45 -1.05 0 0 0 
28.35 -66.45 -0.15 0 0 0 
27.15 -65.25 -0.75 0 0 0 
27.45 -65.25 -0.15 0 0 0 
25.35 -63.75 -1.35 0 0 0 
26.25 -64.65 -1.05 0 0 0 
25.95 -64.35 -0.45 0 0 0 
25.35 -63.45 -0.75 0 0 0 
21.15 -60.15 -0.75 0 0 0 
22.65 -61.65 -1.65 0 0 0 
22.05 -61.35 -1.05 0 0 0 
22.35 -61.65 -0.15 0 0 0 
22.05 -60.75 -1.05 0 0 0 
19.95 -59.55 -1.65 0 0 0 
19.95 -59.55 -0.45 0 0 0 
20.55 -59.25 -0.15 0 0 0 
29.25 -67.05 -0.15 0 0 0 
8.85 -49.35 -1.65 0 0 0 
8.25 -48.75 -0.15 0 0 0 
13.05 -53.55 -1.95 0 0 0 
13.65 -53.55 -0.75 0 0 0 
15.75 -55.95 -2.25 0 0 0 
14.85 -55.35 -1.05 0 0 0 
16.35 -56.25 -0.15 0 0 0 
17.25 -57.15 -1.05 0 0 0 
17.85 -57.15 -0.45 0 0 0 
14.55 -54.45 -1.65 0 0 0 
10.95 -51.75 -1.95 0 0 0 
10.35 -51.15 -1.35 0 0 0 
11.85 -52.35 -0.15 0 0 0 
10.95 -50.85 -0.75 0 0 0 
12.45 -52.05 -0.45 0 0 0 
10.05 -49.35 -0.15 0 0 0 
7.05 -46.95 -1.35 0 0 0 
7.35 -47.85 -1.65 0 0 0 
0.75 -41.25 -2.25 0 0 0 
38.85 -75.45 -1.65 0 0 0 
39.15 -76.35 -0.45 0 0 0 
40.05 -76.65 -0.45 0 0 0 
38.85 -75.45 -0.45 0 0 0 
-15.15 -120.45 0.45 0 0 0 
-11.25 -120.15 0.75 0 0 0 
-14.55 -118.35 1.05 0 0 0 
-14.55 -116.85 1.05 0 0 0 
-14.85 -115.35 3.45 0 0 0 
-12.45 -118.65 1.05 0 0 0 
-12.75 -118.05 1.95 0 0 0 
-10.35 -119.55 0.15 0 0 0 
-10.05 -118.95 0.75 0 0 0 
-11.25 -117.75 0.15 0 0 0 
-10.95 -117.75 1.05 0 0 0 
-10.05 -118.35 0.75 0 0 0 
-10.05 -119.55 1.65 0 0 0 
-11.25 -118.05 1.65 0 0 0 
-10.05 -117.75 2.25 0 0 0 
-14.25 -115.35 1.05 0 0 0 
-12.45 -117.45 1.35 0 0 0 
-12.45 -115.65 1.35 0 0 0 
-11.55 -117.45 0.15 0 0 0 
-11.25 -116.85 0.45 0 0 0 
-11.55 -116.85 1.05 0 0 0 
-10.05 -116.85 0.45 0 0 0 
-10.95 -115.95 0.45 0 0 0 
-10.95 -116.25 0.75 0 0 0 
-10.65 -116.25 0.45 0 0 0 
-10.65 -115.95 1.05 0 0 0 
-11.55 -117.45 1.65 0 0 0 
-10.95 -116.55 1.65 0 0 0 
-10.05 -117.15 1.35 0 0 0 
-10.05 -116.55 2.25 0 0 0 
-11.25 -115.35 1.35 0 0 0 
-11.25 -115.65 1.95 0 0 0 
-9.75 -115.65 1.35 0 0 0 
-14.25 -118.05 2.55 0 0 0 
-11.55 -118.65 2.85 0 0 0 
-10.65 -117.75 3.45 0 0 0 
-14.25 -116.25 2.55 0 0 0 
-13.95 -116.85 4.05 0 0 0 
-10.95 -116.55 2.55 0 0 0 
-10.05 -116.55 2.85 0 0 0 
-11.25 -116.25 2.55 0 0 0 
-10.95 -116.25 3.45 0 0 0 
-10.05 -116.25 2.85 0 0 0 
-11.55 -116.85 4.35 0 0 0 
-11.25 -115.65 3.75 0 0 0 
-10.05 -115.95 3.75 0 0 0 
-9.75 -116.25 4.65 0 0 0 
-11.55 -116.25 4.95 0 0 0 
-9.45 -120.15 0.75 0 0 0 
-7.05 -120.45 0.75 0 0 0 
-1.05 -120.45 0.45 0 0 0 
-8.85 -118.95 1.05 0 0 0 
-9.15 -118.35 0.75 0 0 0 
-9.45 -119.25 1.35 0 0 0 
-9.15 -118.65 2.25 0 0 0 
-7.35 -117.75 1.95 0 0 0 
-4.95 -119.25 0.45 0 0 0 
-5.85 -118.65 0.75 0 0 0 
-5.85 -119.25 1.35 0 0 0 
-6.75 -118.05 1.95 0 0 0 
-4.95 -117.75 1.95 0 0 0 
-9.15 -117.15 0.75 0 0 0 
-7.35 -116.55 0.15 0 0 0 
-8.85 -116.25 0.45 0 0 0 
-9.45 -115.35 1.05 0 0 0 
-7.35 -115.95 0.15 0 0 0 
-7.35 -115.95 1.05 0 0 0 
-9.15 -115.95 1.35 0 0 0 
-9.15 -115.65 1.95 0 0 0 
-7.35 -115.35 1.35 0 0 0 
-6.75 -117.45 0.45 0 0 0 
-5.25 -117.15 1.05 0 0 0 
-6.15 -115.35 0.15 0 0 0 
-6.45 -115.65 1.05 0 0 0 
-5.85 -116.25 0.75 0 0 0 
-6.75 -117.15 1.35 0 0 0 
-6.15 -115.35 1.65 0 0 0 
-5.25 -115.95 2.25 0 0 0 
-7.95 -118.05 3.45 0 0 0 
-7.05 -118.35 3.75 0 0 0 
-8.85 -116.85 2.85 0 0 0 
-7.95 -115.35 2.85 0 0 0 
-9.15 -116.25 3.75 0 0 0 
-5.25 -117.15 2.55 0 0 0 
-5.55 -115.35 2.85 0 0 0 
-4.95 -116.85 4.05 0 0 0 
-3.75 -119.25 0.15 0 0 0 
-3.15 -119.25 1.05 0 0 0 
-4.65 -119.55 1.35 0 0 0 
-3.75 -118.65 1.35 0 0 0 
-3.45 -117.75 1.95 0 0 0 
-1.35 -118.95 0.75 0 0 0 
-1.95 -119.55 1.35 0 0 0 
-2.25 -118.35 2.25 0 0 0 
-4.65 -116.55 0.15 0 0 0 
-2.85 -116.55 0.15 0 0 0 
-4.65 -116.25 0.75 0 0 0 
-3.75 -115.35 1.05 0 0 0 
-2.55 -115.35 0.45 0 0 0 
-2.55 -115.65 0.75 0 0 0 
-2.85 -116.55 1.35 0 0 0 
-4.65 -115.35 1.95 0 0 0 
-2.85 -115.95 2.25 0 0 0 
-1.35 -116.55 0.45 0 0 0 
-0.15 -116.55 0.45 0 0 0 
-1.65 -115.65 0.45 0 0 0 
-0.45 -115.95 0.15 0 0 0 
-0.75 -115.35 0.75 0 0 0 
-0.75 -117.45 2.25 0 0 0 
-1.35 -115.35 1.95 0 0 0 
-3.75 -118.35 3.15 0 0 0 
-4.65 -117.15 3.15 0 0 0 
-2.55 -115.35 2.55 0 0 0 
-1.05 -117.45 3.45 0 0 0 
-1.65 -115.35 3.15 0 0 0 
-7.05 -116.25 5.85 0 0 0 
-15.75 -115.05 1.35 0 0 0 
-15.15 -110.85 1.65 0 0 0 
-13.35 -114.45 1.05 0 0 0 
-13.35 -113.55 0.75 0 0 0 
-12.15 -114.45 1.35 0 0 0 
-12.15 -113.85 2.25 0 0 0 
-11.25 -114.75 0.45 0 0 0 
-11.25 -114.75 1.05 0 0 0 
-11.55 -112.95 0.15 0 0 0 
-11.55 -115.05 1.35 0 0 0 
-11.25 -114.75 1.95 0 0 0 
-10.05 -115.05 1.65 0 0 0 
-10.65 -114.15 2.25 0 0 0 
-11.25 -113.25 1.65 0 0 0 
-10.95 -113.25 2.25 0 0 0 
-12.45 -110.85 0.75 0 0 0 
-11.85 -112.65 0.45 0 0 0 
-11.85 -112.05 1.05 0 0 0 
-11.55 -110.85 0.15 0 0 0 
-11.55 -110.55 1.05 0 0 0 
-10.95 -111.75 1.35 0 0 0 
-10.95 -112.05 1.95 0 0 0 
-10.95 -110.55 1.65 0 0 0 
-13.95 -114.45 2.55 0 0 0 
-12.15 -113.85 2.85 0 0 0 
-12.15 -114.45 4.05 0 0 0 
-11.55 -115.05 2.55 0 0 0 
-11.25 -114.15 2.85 0 0 0 
-11.25 -114.15 3.15 0 0 0 
-10.05 -114.45 2.85 0 0 0 
-11.55 -113.25 2.55 0 0 0 
-11.25 -113.85 3.45 0 0 0 
-10.35 -113.55 3.15 0 0 0 
-11.25 -114.45 4.05 0 0 0 
-10.95 -114.45 4.65 0 0 0 
-10.65 -114.45 4.65 0 0 0 
-10.95 -113.25 3.75 0 0 0 
-11.55 -113.25 4.35 0 0 0 
-10.65 -113.25 3.75 0 0 0 
-12.15 -112.65 2.85 0 0 0 
-13.35 -112.35 4.05 0 0 0 
-11.85 -112.35 2.55 0 0 0 
-11.85 -112.35 3.15 0 0 0 
-11.25 -111.45 2.55 0 0 0 
-11.85 -110.55 3.15 0 0 0 
-11.85 -112.05 3.75 0 0 0 
-11.55 -112.05 4.35 0 0 0 
-10.95 -110.85 3.75 0 0 0 
-10.65 -111.45 4.05 0 0 0 
-14.55 -108.45 2.25 0 0 0 
-15.15 -106.65 1.95 0 0 0 
-13.35 -110.25 1.05 0 0 0 
-12.45 -108.15 0.45 0 0 0 
-10.95 -109.95 0.45 0 0 0 
-10.95 -109.65 1.05 0 0 0 
-10.95 -108.45 0.45 0 0 0 
-10.65 -108.45 0.45 0 0 0 
-10.95 -109.35 1.35 0 0 0 
-10.65 -109.95 1.95 0 0 0 
-10.95 -109.05 2.25 0 0 0 
-10.65 -108.15 2.25 0 0 0 
-12.45 -106.35 1.65 0 0 0 
-11.85 -107.85 0.75 0 0 0 
-10.65 -107.85 0.75 0 0 0 
-11.55 -106.65 0.75 0 0 0 
-10.35 -106.35 0.75 0 0 0 
-10.95 -107.85 2.25 0 0 0 
-10.65 -107.85 2.25 0 0 0 
-11.55 -106.05 1.95 0 0 0 
-10.35 -105.75 2.25 0 0 0 
-13.65 -109.35 4.05 0 0 0 
-11.25 -109.65 2.55 0 0 0 
-11.25 -109.65 3.45 0 0 0 
-10.95 -108.15 2.55 0 0 0 
-10.65 -109.05 3.15 0 0 0 
-11.55 -109.95 4.35 0 0 0 
-10.35 -109.65 4.05 0 0 0 
-10.95 -108.75 4.35 0 0 0 
-10.65 -108.15 4.05 0 0 0 
-13.65 -106.35 2.55 0 0 0 
-10.95 -107.55 2.55 0 0 0 
-10.65 -106.95 3.45 0 0 0 
-10.35 -106.65 2.55 0 0 0 
-11.85 -107.55 3.75 0 0 0 
-10.35 -107.55 4.05 0 0 0 
-10.95 -106.35 3.75 0 0 0 
-10.65 -105.75 3.75 0 0 0 
-14.85 -111.75 4.95 0 0 0 
-13.95 -112.95 5.55 0 0 0 
-13.35 -113.85 7.05 0 0 0 
-10.35 -114.75 4.95 0 0 0 
-11.55 -113.25 4.95 0 0 0 
-9.75 -113.25 4.95 0 0 0 
-11.85 -114.75 6.45 0 0 0 
-9.75 -113.55 6.15 0 0 0 
-10.05 -113.55 6.75 0 0 0 
-13.65 -110.55 4.95 0 0 0 
-12.75 -112.05 6.45 0 0 0 
-12.15 -110.55 6.75 0 0 0 
-10.95 -112.35 5.55 0 0 0 
-10.35 -111.75 5.85 0 0 0 
-11.25 -110.55 4.95 0 0 0 
-10.65 -111.15 5.85 0 0 0 
-10.35 -112.65 6.15 0 0 0 
-9.75 -111.75 6.45 0 0 0 
-11.55 -110.55 6.45 0 0 0 
-10.05 -111.15 6.45 0 0 0 
-9.75 -110.85 6.75 0 0 0 
-11.55 -113.55 7.35 0 0 0 
-11.55 -111.75 7.35 0 0 0 
-10.95 -111.45 7.35 0 0 0 
-14.55 -109.05 4.95 0 0 0 
-12.15 -108.15 4.95 0 0 0 
-12.15 -109.35 6.75 0 0 0 
-11.25 -109.95 5.25 0 0 0 
-10.65 -109.95 4.95 0 0 0 
-10.95 -108.75 5.25 0 0 0 
-10.35 -108.15 4.95 0 0 0 
-11.25 -109.65 6.45 0 0 0 
-10.05 -110.25 6.75 0 0 0 
-10.95 -108.45 6.45 0 0 0 
-10.05 -108.75 6.75 0 0 0 
-13.05 -107.25 5.85 0 0 0 
-13.35 -105.75 6.45 0 0 0 
-11.85 -107.25 5.25 0 0 0 
-10.05 -107.55 5.85 0 0 0 
-10.05 -106.35 4.95 0 0 0 
-11.25 -106.95 6.15 0 0 0 
-10.65 -106.95 6.45 0 0 0 
-10.95 -106.05 6.15 0 0 0 
-10.35 -106.65 7.05 0 0 0 
-7.35 -115.05 1.05 0 0 0 
-8.55 -115.05 1.95 0 0 0 
-7.65 -115.05 1.35 0 0 0 
-7.35 -114.75 1.95 0 0 0 
-5.25 -114.75 1.05 0 0 0 
-6.45 -114.45 1.95 0 0 0 
-5.25 -114.75 1.95 0 0 0 
-9.15 -114.15 2.55 0 0 0 
-8.25 -115.05 2.85 0 0 0 
-8.25 -114.45 3.45 0 0 0 
-8.55 -113.55 3.45 0 0 0 
-9.45 -114.45 3.75 0 0 0 
-7.95 -114.75 3.75 0 0 0 
-7.35 -115.05 4.65 0 0 0 
-8.55 -113.85 4.35 0 0 0 
-6.75 -114.75 2.55 0 0 0 
-6.15 -115.05 3.15 0 0 0 
-5.25 -114.75 2.85 0 0 0 
-4.95 -114.15 3.15 0 0 0 
-5.55 -113.85 2.85 0 0 0 
-4.95 -113.25 3.45 0 0 0 
-6.15 -114.15 4.05 0 0 0 
-4.95 -114.75 4.05 0 0 0 
-6.15 -112.95 3.75 0 0 0 
-8.85 -112.65 4.05 0 0 0 
-5.25 -112.65 2.85 0 0 0 
-5.55 -112.35 4.35 0 0 0 
-4.35 -115.05 1.05 0 0 0 
-4.35 -114.75 1.65 0 0 0 
-4.35 -114.45 1.95 0 0 0 
-3.15 -114.45 1.35 0 0 0 
-1.95 -115.05 0.45 0 0 0 
-1.05 -115.05 0.45 0 0 0 
-0.45 -114.75 1.05 0 0 0 
-2.25 -114.75 1.65 0 0 0 
-1.65 -114.15 2.25 0 0 0 
-0.15 -114.45 1.95 0 0 0 
-3.75 -114.75 2.55 0 0 0 
-3.45 -114.75 2.55 0 0 0 
-2.85 -114.45 3.45 0 0 0 
-3.75 -113.55 3.15 0 0 0 
-2.55 -113.55 3.15 0 0 0 
-4.35 -114.45 3.75 0 0 0 
-4.05 -113.25 4.05 0 0 0 
-1.95 -114.75 3.45 0 0 0 
-0.45 -114.75 2.85 0 0 0 
-1.35 -113.25 2.85 0 0 0 
-1.05 -113.85 2.85 0 0 0 
-0.15 -113.25 3.15 0 0 0 
-0.45 -114.45 4.35 0 0 0 
-4.05 -111.75 4.65 0 0 0 
-2.55 -111.75 4.35 0 0 0 
-2.25 -111.75 4.05 0 0 0 
-1.35 -111.45 4.05 0 0 0 
-1.35 -110.55 4.35 0 0 0 
-0.45 -105.75 2.25 0 0 0 
-0.45 -108.15 2.85 0 0 0 
-2.25 -109.95 4.65 0 0 0 
-1.95 -109.05 3.75 0 0 0 
-2.25 -108.45 4.65 0 0 0 
-3.15 -107.85 4.35 0 0 0 
-4.05 -105.75 4.65 0 0 0 
-1.35 -107.25 3.15 0 0 0 
-2.25 -106.05 3.45 0 0 0 
-0.45 -106.35 3.15 0 0 0 
-2.25 -107.85 4.65 0 0 0 
-9.45 -114.45 5.85 0 0 0 
-9.45 -113.55 5.85 0 0 0 
-9.15 -114.15 6.45 0 0 0 
-9.15 -112.95 6.75 0 0 0 
-6.45 -113.25 5.85 0 0 0 
-6.45 -113.25 6.75 0 0 0 
-8.85 -112.05 5.25 0 0 0 
-8.85 -111.75 5.85 0 0 0 
-7.95 -111.75 5.55 0 0 0 
-7.65 -111.45 5.85 0 0 0 
-9.45 -112.65 7.05 0 0 0 
-7.35 -111.75 6.15 0 0 0 
-8.55 -111.15 7.05 0 0 0 
-7.35 -110.55 6.45 0 0 0 
-7.05 -112.05 4.95 0 0 0 
-6.45 -112.05 5.55 0 0 0 
-7.05 -111.45 5.55 0 0 0 
-5.85 -110.85 5.85 0 0 0 
-6.75 -110.55 6.45 0 0 0 
-9.15 -113.85 7.35 0 0 0 
-8.55 -112.65 7.65 0 0 0 
-7.95 -110.55 7.35 0 0 0 
-4.65 -111.75 5.85 0 0 0 
-4.65 -111.45 6.45 0 0 0 
-7.65 -109.95 7.05 0 0 0 
-6.15 -109.95 6.45 0 0 0 
-5.85 -109.95 6.45 0 0 0 
-6.75 -108.75 7.05 0 0 0 
-6.75 -105.75 5.85 0 0 0 
-5.85 -107.25 6.15 0 0 0 
-2.55 -109.65 4.95 0 0 0 
-4.65 -106.95 4.95 0 0 0 
-15.45 -105.45 0.45 0 0 0 
-15.45 -103.35 0.45 0 0 0 
-14.85 -104.25 1.65 0 0 0 
-15.45 -102.15 0.15 0 0 0 
-15.45 -101.55 0.45 0 0 0 
-15.45 -101.85 1.35 0 0 0 
-14.85 -105.45 3.45 0 0 0 
-14.55 -102.45 2.85 0 0 0 
-12.15 -105.15 1.05 0 0 0 
-12.75 -103.35 1.35 0 0 0 
-11.85 -104.85 0.75 0 0 0 
-11.25 -104.25 0.45 0 0 0 
-10.65 -103.95 0.45 0 0 0 
-11.25 -104.55 1.65 0 0 0 
-10.65 -104.55 1.35 0 0 0 
-10.95 -103.95 1.95 0 0 0 
-10.35 -104.25 1.95 0 0 0 
-13.05 -102.75 0.75 0 0 0 
-12.75 -102.15 1.35 0 0 0 
-10.95 -103.05 0.45 0 0 0 
-10.65 -102.45 0.15 0 0 0 
-11.85 -100.95 0.45 0 0 0 
-10.35 -100.95 0.75 0 0 0 
-11.85 -102.15 2.25 0 0 0 
-10.05 -103.05 2.25 0 0 0 
-10.95 -101.85 1.95 0 0 0 
-10.35 -101.25 1.35 0 0 0 
-13.65 -104.85 2.55 0 0 0 
-10.95 -105.15 2.55 0 0 0 
-10.65 -104.85 2.55 0 0 0 
-10.95 -103.35 2.85 0 0 0 
-10.05 -103.95 3.15 0 0 0 
-10.65 -105.45 3.75 0 0 0 
-10.65 -104.85 4.35 0 0 0 
-10.65 -104.25 3.75 0 0 0 
-10.65 -103.65 4.35 0 0 0 
-13.35 -101.55 3.45 0 0 0 
-10.95 -102.45 3.15 0 0 0 
-10.05 -102.45 3.15 0 0 0 
-10.35 -101.85 2.85 0 0 0 
-11.55 -102.15 4.05 0 0 0 
-10.65 -102.75 4.35 0 0 0 
-10.95 -101.85 4.65 0 0 0 
-10.35 -101.85 4.65 0 0 0 
-15.45 -100.65 0.45 0 0 0 
-16.05 -99.45 0.75 0 0 0 
-15.45 -100.35 1.95 0 0 0 
-15.45 -99.45 1.95 0 0 0 
-16.35 -98.25 1.05 0 0 0 
-16.35 -97.05 1.05 0 0 0 
-15.75 -98.25 2.25 0 0 0 
-16.05 -97.05 2.25 0 0 0 
-15.75 -99.15 2.55 0 0 0 
-15.15 -99.15 3.75 0 0 0 
-15.45 -97.65 3.45 0 0 0 
-15.75 -97.35 3.75 0 0 0 
-13.35 -99.75 0.75 0 0 0 
-13.95 -100.65 2.25 0 0 0 
-12.15 -98.55 2.25 0 0 0 
-10.65 -100.05 0.15 0 0 0 
-10.95 -98.85 0.15 0 0 0 
-10.65 -98.85 1.05 0 0 0 
-10.65 -100.35 1.35 0 0 0 
-11.85 -99.45 1.95 0 0 0 
-10.65 -98.55 2.25 0 0 0 
-12.75 -96.75 0.15 0 0 0 
-12.15 -97.95 1.95 0 0 0 
-11.85 -97.95 0.15 0 0 0 
-10.95 -97.35 1.05 0 0 0 
-10.95 -96.75 1.05 0 0 0 
-10.95 -97.35 1.35 0 0 0 
-10.65 -97.35 2.25 0 0 0 
-11.55 -96.75 2.25 0 0 0 
-13.95 -99.75 2.85 0 0 0 
-12.75 -99.75 3.75 0 0 0 
-10.95 -100.05 3.15 0 0 0 
-10.95 -99.45 3.15 0 0 0 
-10.65 -98.55 2.85 0 0 0 
-10.35 -100.35 3.75 0 0 0 
-10.65 -100.05 4.65 0 0 0 
-11.25 -98.55 4.65 0 0 0 
-9.75 -99.45 4.65 0 0 0 
-13.65 -98.25 4.35 0 0 0 
-12.45 -96.75 4.05 0 0 0 
-11.85 -97.65 3.15 0 0 0 
-10.95 -96.75 2.55 0 0 0 
-11.25 -96.45 3.15 0 0 0 
-10.95 -97.65 4.35 0 0 0 
-10.35 -97.65 4.35 0 0 0 
-11.55 -96.15 4.65 0 0 0 
-14.25 -105.15 5.25 0 0 0 
-12.15 -105.15 6.75 0 0 0 
-10.65 -105.45 4.95 0 0 0 
-10.35 -104.55 5.55 0 0 0 
-10.35 -103.35 4.95 0 0 0 
-10.05 -105.45 6.15 0 0 0 
-10.35 -104.85 6.75 0 0 0 
-10.65 -104.25 6.75 0 0 0 
-13.05 -101.55 4.95 0 0 0 
-12.15 -100.95 6.75 0 0 0 
-10.05 -102.45 4.95 0 0 0 
-11.25 -101.25 5.55 0 0 0 
-10.05 -101.55 5.85 0 0 0 
-9.75 -102.45 6.45 0 0 0 
-10.35 -100.95 6.45 0 0 0 
-13.05 -100.65 4.95 0 0 0 
-12.75 -99.15 6.15 0 0 0 
-11.55 -99.75 5.55 0 0 0 
-10.05 -100.65 5.85 0 0 0 
-11.55 -98.55 5.55 0 0 0 
-10.65 -100.65 6.15 0 0 0 
-9.75 -100.35 6.75 0 0 0 
-10.35 -98.55 6.15 0 0 0 
-12.15 -97.95 5.85 0 0 0 
-12.75 -98.25 7.05 0 0 0 
-11.25 -97.65 4.95 0 0 0 
-10.65 -97.35 5.25 0 0 0 
-10.95 -96.15 4.95 0 0 0 
-10.35 -96.45 5.25 0 0 0 
-10.65 -97.95 6.45 0 0 0 
-10.95 -96.45 6.45 0 0 0 
-9.75 -97.05 6.75 0 0 0 
-4.95 -102.45 4.65 0 0 0 
-0.15 -102.75 1.95 0 0 0 
-2.55 -103.65 3.45 0 0 0 
-3.45 -105.15 4.35 0 0 0 
-3.15 -103.65 3.75 0 0 0 
-0.75 -105.45 2.55 0 0 0 
-0.75 -105.15 3.45 0 0 0 
-1.05 -104.25 2.55 0 0 0 
-1.65 -105.45 3.75 0 0 0 
-2.85 -103.05 3.45 0 0 0 
-3.15 -103.05 4.65 0 0 0 
-2.55 -101.85 4.05 0 0 0 
-1.35 -102.45 2.55 0 0 0 
-0.75 -102.45 2.85 0 0 0 
-1.95 -101.55 3.15 0 0 0 
-1.05 -101.85 3.45 0 0 0 
-2.25 -101.25 3.75 0 0 0 
-0.15 -99.15 2.25 0 0 0 
-2.55 -99.75 3.75 0 0 0 
-2.55 -99.15 4.05 0 0 0 
-1.65 -100.35 3.45 0 0 0 
-1.35 -99.45 2.85 0 0 0 
-1.05 -98.55 2.85 0 0 0 
-1.65 -100.05 4.05 0 0 0 
-2.55 -97.95 2.85 0 0 0 
-1.35 -97.65 2.85 0 0 0 
-0.15 -97.65 2.55 0 0 0 
-1.95 -96.15 3.15 0 0 0 
-2.25 -98.25 3.75 0 0 0 
-1.95 -96.15 4.35 0 0 0 
-6.15 -104.55 5.55 0 0 0 
-5.55 -105.15 6.45 0 0 0 
-4.95 -102.15 5.55 0 0 0 
-5.85 -101.85 6.15 0 0 0 
-4.65 -103.95 5.25 0 0 0 
-4.65 -101.55 5.55 0 0 0 
-5.55 -98.55 5.85 0 0 0 
-6.15 -97.35 5.85 0 0 0 
-3.75 -100.05 5.25 0 0 0 
-3.45 -98.85 5.25 0 0 0 
-4.35 -97.05 5.25 0 0 0 
-19.35 -90.15 0.75 0 0 0 
-19.65 -88.95 1.05 0 0 0 
-19.95 -88.65 0.45 0 0 0 
-21.15 -87.45 0.15 0 0 0 
-19.65 -87.15 0.75 0 0 0 
-19.35 -88.05 1.35 0 0 0 
-19.95 -86.55 1.35 0 0 0 
-19.35 -88.05 3.15 0 0 0 
-29.85 -80.85 0.15 0 0 0 
-29.55 -79.35 0.15 0 0 0 
-31.35 -77.55 0.15 0 0 0 
-28.95 -78.45 0.75 0 0 0 
-29.25 -76.95 0.15 0 0 0 
-25.95 -82.05 0.45 0 0 0 
-22.05 -85.65 0.45 0 0 0 
-21.75 -84.15 0.75 0 0 0 
-21.15 -85.65 0.75 0 0 0 
-19.95 -86.25 1.05 0 0 0 
-21.15 -84.75 1.05 0 0 0 
-20.25 -85.05 0.45 0 0 0 
-20.55 -85.65 1.35 0 0 0 
-19.95 -85.65 1.65 0 0 0 
-20.85 -84.45 1.35 0 0 0 
-20.25 -84.45 1.65 0 0 0 
-23.25 -82.95 0.15 0 0 0 
-23.55 -82.35 0.15 0 0 0 
-21.15 -82.65 1.05 0 0 0 
-19.95 -83.55 1.35 0 0 0 
-19.35 -83.85 1.95 0 0 0 
-20.55 -82.05 1.35 0 0 0 
-20.25 -81.75 1.65 0 0 0 
-19.95 -82.05 2.25 0 0 0 
-19.35 -84.45 3.75 0 0 0 
-19.95 -82.65 2.85 0 0 0 
-19.35 -81.75 3.15 0 0 0 
-28.35 -79.65 0.45 0 0 0 
-27.45 -79.05 0.45 0 0 0 
-20.55 -81.45 1.65 0 0 0 
-19.95 -81.45 2.25 0 0 0 
-20.55 -79.95 1.65 0 0 0 
-19.65 -79.95 1.95 0 0 0 
-20.55 -78.75 1.65 0 0 0 
-19.95 -78.15 2.25 0 0 0 
-19.35 -77.55 2.25 0 0 0 
-19.65 -80.25 2.55 0 0 0 
-16.95 -95.85 0.45 0 0 0 
-17.25 -94.35 0.45 0 0 0 
-16.95 -95.55 1.35 0 0 0 
-16.95 -94.35 2.25 0 0 0 
-16.65 -95.55 1.65 0 0 0 
-16.65 -94.65 2.25 0 0 0 
-17.85 -93.15 0.45 0 0 0 
-18.45 -91.95 0.45 0 0 0 
-18.45 -91.35 1.05 0 0 0 
-17.25 -93.15 1.95 0 0 0 
-17.85 -91.65 1.65 0 0 0 
-14.55 -92.85 0.15 0 0 0 
-15.15 -91.35 0.15 0 0 0 
-16.65 -91.35 1.35 0 0 0 
-16.95 -93.75 3.15 0 0 0 
-14.55 -95.85 2.85 0 0 0 
-16.05 -95.55 4.05 0 0 0 
-17.55 -92.85 2.85 0 0 0 
-17.55 -91.95 2.55 0 0 0 
-17.85 -91.35 3.15 0 0 0 
-17.25 -91.35 3.75 0 0 0 
-15.45 -92.55 2.85 0 0 0 
-16.05 -92.55 4.05 0 0 0 
-16.05 -91.35 4.05 0 0 0 
-13.35 -95.25 0.15 0 0 0 
-12.45 -95.85 1.05 0 0 0 
-12.15 -94.05 0.45 0 0 0 
-12.45 -94.95 1.35 0 0 0 
-12.45 -94.35 1.35 0 0 0 
-11.85 -95.55 0.75 0 0 0 
-11.85 -94.65 0.75 0 0 0 
-11.25 -95.85 1.95 0 0 0 
-11.55 -94.05 1.95 0 0 0 
-13.65 -92.85 0.75 0 0 0 
-12.45 -92.85 0.75 0 0 0 
-14.25 -91.35 0.75 0 0 0 
-12.75 -91.35 0.75 0 0 0 
-13.35 -92.85 1.95 0 0 0 
-12.75 -92.55 1.95 0 0 0 
-14.25 -91.65 1.65 0 0 0 
-13.05 -92.25 1.95 0 0 0 
-11.25 -93.45 1.05 0 0 0 
-12.45 -95.25 3.45 0 0 0 
-12.15 -94.35 3.45 0 0 0 
-13.05 -94.95 4.05 0 0 0 
-11.85 -95.85 2.85 0 0 0 
-10.95 -95.85 3.45 0 0 0 
-11.85 -94.65 3.15 0 0 0 
-11.55 -95.85 4.65 0 0 0 
-10.65 -95.55 4.05 0 0 0 
-10.95 -93.75 4.05 0 0 0 
-12.45 -93.15 2.85 0 0 0 
-13.05 -92.55 3.15 0 0 0 
-12.15 -92.25 2.55 0 0 0 
-12.75 -91.65 3.45 0 0 0 
-12.45 -92.85 4.05 0 0 0 
-13.35 -92.25 4.35 0 0 0 
-12.75 -91.95 4.65 0 0 0 
-11.85 -92.85 2.85 0 0 0 
-11.85 -92.55 4.65 0 0 0 
-19.05 -90.15 1.05 0 0 0 
-17.85 -89.25 1.05 0 0 0 
-18.45 -90.45 1.95 0 0 0 
-18.75 -89.55 1.95 0 0 0 
-16.65 -90.45 0.45 0 0 0 
-14.55 -90.75 0.75 0 0 0 
-16.35 -89.25 1.05 0 0 0 
-14.55 -89.25 1.05 0 0 0 
-14.55 -90.15 1.95 0 0 0 
-15.45 -89.25 1.65 0 0 0 
-14.55 -88.95 1.95 0 0 0 
-16.95 -87.75 1.05 0 0 0 
-17.25 -87.15 0.45 0 0 0 
-17.25 -86.85 1.05 0 0 0 
-18.75 -87.45 2.25 0 0 0 
-15.75 -88.35 0.15 0 0 0 
-14.85 -87.75 0.45 0 0 0 
-16.35 -87.15 0.45 0 0 0 
-15.15 -87.45 0.75 0 0 0 
-16.65 -87.75 1.95 0 0 0 
-15.45 -88.65 2.25 0 0 0 
-16.05 -87.45 1.65 0 0 0 
-16.35 -86.85 1.95 0 0 0 
-14.85 -87.45 2.25 0 0 0 
-17.55 -91.05 2.85 0 0 0 
-18.45 -89.85 2.85 0 0 0 
-16.95 -88.95 2.55 0 0 0 
-17.25 -90.45 4.35 0 0 0 
-17.55 -89.85 4.35 0 0 0 
-16.05 -90.15 2.85 0 0 0 
-16.05 -89.25 3.15 0 0 0 
-16.35 -90.75 4.65 0 0 0 
-16.35 -89.85 4.05 0 0 0 
-15.15 -89.85 4.65 0 0 0 
-18.75 -87.75 2.55 0 0 0 
-16.95 -87.75 2.55 0 0 0 
-18.75 -86.85 2.85 0 0 0 
-17.25 -87.15 2.55 0 0 0 
-17.55 -88.05 3.75 0 0 0 
-17.25 -88.05 4.35 0 0 0 
-16.95 -86.85 3.75 0 0 0 
-16.35 -88.65 2.55 0 0 0 
-15.45 -88.05 2.85 0 0 0 
-15.75 -87.45 3.15 0 0 0 
-15.15 -86.85 3.45 0 0 0 
-14.85 -88.05 3.75 0 0 0 
-15.75 -86.55 4.05 0 0 0 
-13.95 -91.05 0.75 0 0 0 
-13.95 -88.95 0.75 0 0 0 
-14.25 -90.75 1.95 0 0 0 
-13.95 -89.55 1.65 0 0 0 
-13.95 -88.65 1.05 0 0 0 
-13.35 -90.75 3.45 0 0 0 
-12.75 -91.05 3.45 0 0 0 
-13.35 -89.55 3.45 0 0 0 
-13.95 -90.45 4.05 0 0 0 
-12.75 -90.15 3.75 0 0 0 
-13.95 -88.95 3.75 0 0 0 
-13.95 -88.35 3.45 0 0 0 
-13.95 -88.05 3.75 0 0 0 
-14.85 -94.35 5.85 0 0 0 
-16.35 -91.65 5.55 0 0 0 
-14.85 -92.85 6.75 0 0 0 
-15.15 -93.45 7.35 0 0 0 
-14.85 -91.35 7.35 0 0 0 
-13.35 -93.75 5.25 0 0 0 
-13.05 -94.35 5.55 0 0 0 
-13.65 -93.75 6.45 0 0 0 
-10.95 -95.85 5.85 0 0 0 
-11.25 -94.35 5.25 0 0 0 
-11.55 -95.55 6.45 0 0 0 
-10.35 -95.55 7.05 0 0 0 
-11.55 -94.65 6.75 0 0 0 
-13.35 -93.45 5.55 0 0 0 
-12.45 -92.55 5.25 0 0 0 
-13.65 -91.65 5.55 0 0 0 
-13.05 -91.65 5.85 0 0 0 
-13.95 -91.95 6.45 0 0 0 
-13.05 -91.65 6.75 0 0 0 
-11.25 -93.45 5.55 0 0 0 
-11.25 -93.15 6.15 0 0 0 
-11.55 -92.55 7.05 0 0 0 
-13.95 -94.35 7.35 0 0 0 
-11.55 -95.25 7.35 0 0 0 
-14.25 -93.15 7.65 0 0 0 
-14.25 -92.25 7.65 0 0 0 
-10.95 -93.45 7.35 0 0 0 
-16.65 -91.05 5.55 0 0 0 
-14.55 -90.75 5.85 0 0 0 
-14.55 -89.85 5.85 0 0 0 
-15.45 -91.05 6.75 0 0 0 
-16.05 -89.25 6.15 0 0 0 
-16.95 -88.65 5.85 0 0 0 
-16.35 -87.75 5.85 0 0 0 
-14.55 -87.75 5.85 0 0 0 
-15.45 -86.55 5.25 0 0 0 
-15.75 -88.05 6.15 0 0 0 
-15.15 -88.35 7.05 0 0 0 
-15.75 -86.85 6.15 0 0 0 
-15.15 -87.45 7.05 0 0 0 
-15.15 -90.15 7.65 0 0 0 
-15.15 -88.95 7.35 0 0 0 
-14.55 -88.35 7.65 0 0 0 
-15.45 -87.45 7.35 0 0 0 
-13.35 -91.05 4.95 0 0 0 
-13.05 -90.75 4.95 0 0 0 
-13.95 -89.25 5.25 0 0 0 
-12.45 -89.25 5.25 0 0 0 
-13.35 -90.45 6.75 0 0 0 
-14.25 -89.25 6.75 0 0 0 
-11.55 -91.05 7.05 0 0 0 
-13.65 -88.05 5.55 0 0 0 
-14.25 -87.75 6.15 0 0 0 
-13.95 -86.85 6.75 0 0 0 
-12.75 -90.15 7.35 0 0 0 
-11.85 -91.05 7.35 0 0 0 
-14.25 -86.85 7.65 0 0 0 
-1.35 -95.25 3.15 0 0 0 
-1.35 -94.65 3.15 0 0 0 
-1.95 -95.25 4.05 0 0 0 
-1.05 -94.95 4.05 0 0 0 
-1.05 -94.35 3.75 0 0 0 
-1.05 -93.15 3.45 0 0 0 
-0.15 -91.65 3.15 0 0 0 
-0.45 -92.55 3.75 0 0 0 
-0.45 -91.35 3.75 0 0 0 
-1.95 -90.15 4.35 0 0 0 
-0.75 -90.45 4.35 0 0 0 
-9.45 -95.85 7.05 0 0 0 
-2.55 -95.55 5.55 0 0 0 
-1.35 -95.85 5.25 0 0 0 
-3.75 -92.85 5.55 0 0 0 
-3.15 -91.35 5.55 0 0 0 
-0.75 -93.15 4.95 0 0 0 
-0.45 -92.25 5.25 0 0 0 
-4.95 -86.55 7.95 0 0 0 
-4.05 -90.45 6.15 0 0 0 
-2.85 -89.55 6.15 0 0 0 
-1.35 -90.75 5.55 0 0 0 
-0.75 -89.55 5.55 0 0 0 
-2.85 -88.05 6.15 0 0 0 
-1.35 -88.65 5.25 0 0 0 
-0.45 -87.45 5.55 0 0 0 
-1.95 -87.45 6.45 0 0 0 
-0.75 -86.85 6.45 0 0 0 
-2.25 -87.45 7.35 0 0 0 
-18.15 -85.65 0.45 0 0 0 
-17.85 -85.95 0.45 0 0 0 
-18.75 -85.05 0.45 0 0 0 
-18.15 -85.35 1.65 0 0 0 
-17.55 -85.95 2.25 0 0 0 
-18.15 -85.05 1.65 0 0 0 
-16.95 -85.05 1.35 0 0 0 
-17.25 -84.45 1.95 0 0 0 
-15.75 -86.25 1.65 0 0 0 
-16.05 -85.35 1.95 0 0 0 
-19.05 -82.95 1.95 0 0 0 
-18.45 -82.05 2.25 0 0 0 
-18.45 -85.35 2.85 0 0 0 
-17.85 -86.25 2.85 0 0 0 
-18.75 -85.05 2.85 0 0 0 
-18.75 -84.75 3.15 0 0 0 
-17.25 -84.75 2.55 0 0 0 
-18.45 -85.95 4.35 0 0 0 
-17.85 -85.95 4.35 0 0 0 
-18.45 -84.75 4.05 0 0 0 
-17.85 -84.45 4.05 0 0 0 
-17.85 -84.15 4.35 0 0 0 
-16.35 -85.95 3.15 0 0 0 
-15.75 -84.75 2.85 0 0 0 
-15.75 -85.65 3.75 0 0 0 
-16.65 -84.75 3.75 0 0 0 
-16.35 -84.15 4.65 0 0 0 
-18.75 -82.95 2.55 0 0 0 
-19.05 -82.95 3.15 0 0 0 
-17.55 -83.25 3.15 0 0 0 
-18.75 -82.65 3.45 0 0 0 
-18.15 -82.05 3.45 0 0 0 
-17.55 -81.75 3.45 0 0 0 
-18.15 -83.85 4.35 0 0 0 
-17.55 -83.85 4.65 0 0 0 
-18.15 -82.35 3.75 0 0 0 
-17.85 -82.65 3.75 0 0 0 
-17.85 -82.35 4.35 0 0 0 
-16.65 -83.55 2.85 0 0 0 
-15.75 -83.25 3.75 0 0 0 
-16.35 -82.05 4.65 0 0 0 
-18.75 -79.95 2.25 0 0 0 
-18.75 -77.85 2.25 0 0 0 
-18.45 -80.55 2.85 0 0 0 
-17.85 -81.45 2.85 0 0 0 
-18.45 -79.95 2.85 0 0 0 
-18.15 -80.25 3.45 0 0 0 
-17.85 -79.35 3.45 0 0 0 
-18.15 -80.85 4.35 0 0 0 
-17.25 -80.85 3.75 0 0 0 
-17.55 -80.55 4.35 0 0 0 
-17.55 -79.95 4.05 0 0 0 
-16.95 -79.95 4.35 0 0 0 
-15.75 -81.15 4.65 0 0 0 
-16.65 -79.35 4.65 0 0 0 
-18.45 -78.45 2.85 0 0 0 
-18.15 -78.45 3.45 0 0 0 
-18.75 -77.85 2.55 0 0 0 
-18.15 -77.55 3.15 0 0 0 
-17.55 -77.55 3.45 0 0 0 
-17.85 -78.75 4.05 0 0 0 
-17.25 -79.05 4.35 0 0 0 
-17.25 -76.95 3.75 0 0 0 
-16.65 -78.75 4.65 0 0 0 
-16.05 -76.95 4.05 0 0 0 
-15.45 -77.25 4.65 0 0 0 
-17.85 -84.75 5.25 0 0 0 
-15.75 -85.95 5.25 0 0 0 
-15.45 -85.35 5.55 0 0 0 
-15.15 -84.15 4.95 0 0 0 
-16.05 -86.25 6.45 0 0 0 
-15.45 -85.65 6.15 0 0 0 
-16.05 -84.75 6.15 0 0 0 
-15.45 -84.45 6.15 0 0 0 
-15.45 -84.15 7.05 0 0 0 
-16.95 -83.25 5.85 0 0 0 
-16.35 -82.95 5.25 0 0 0 
-16.65 -82.35 4.95 0 0 0 
-16.65 -82.35 5.85 0 0 0 
-15.75 -82.95 6.15 0 0 0 
-15.15 -83.55 7.05 0 0 0 
-15.75 -82.05 6.45 0 0 0 
-15.15 -82.05 6.75 0 0 0 
-14.85 -86.25 7.95 0 0 0 
-13.95 -86.25 6.75 0 0 0 
-17.25 -81.15 5.25 0 0 0 
-16.65 -80.55 5.25 0 0 0 
-14.85 -80.55 5.25 0 0 0 
-16.35 -79.65 5.25 0 0 0 
-15.15 -79.95 5.55 0 0 0 
-15.45 -80.85 6.45 0 0 0 
-14.55 -80.25 6.45 0 0 0 
-15.75 -78.75 5.25 0 0 0 
-15.45 -78.75 5.25 0 0 0 
-15.75 -77.85 5.25 0 0 0 
-14.85 -77.85 5.55 0 0 0 
-14.85 -76.95 6.15 0 0 0 
-13.95 -79.05 6.75 0 0 0 
-13.95 -80.55 7.35 0 0 0 
-0.45 -85.95 6.45 0 0 0 
-0.75 -84.75 6.75 0 0 0 
-2.85 -85.05 7.65 0 0 0 
-30.15 -76.05 0.15 0 0 0 
-26.85 -76.65 0.45 0 0 0 
-24.75 -75.15 0.75 0 0 0 
-24.15 -73.65 0.75 0 0 0 
-19.65 -76.05 1.95 0 0 0 
-20.25 -73.35 1.35 0 0 0 
-18.75 -76.35 2.25 0 0 0 
-18.15 -75.15 2.25 0 0 0 
-18.75 -73.95 1.65 0 0 0 
-17.85 -73.65 1.95 0 0 0 
-17.55 -72.75 1.65 0 0 0 
-16.65 -73.35 2.25 0 0 0 
-18.45 -76.05 2.55 0 0 0 
-17.25 -76.65 3.15 0 0 0 
-17.85 -75.45 2.85 0 0 0 
-17.25 -75.15 3.15 0 0 0 
-16.35 -75.45 3.15 0 0 0 
-16.05 -76.65 4.05 0 0 0 
-16.05 -76.35 4.65 0 0 0 
-15.75 -75.15 3.75 0 0 0 
-15.15 -75.45 4.35 0 0 0 
-17.25 -74.25 3.15 0 0 0 
-16.35 -73.35 2.85 0 0 0 
-15.15 -73.35 3.45 0 0 0 
-15.15 -72.75 3.15 0 0 0 
-15.45 -73.65 3.75 0 0 0 
-15.15 -72.75 4.65 0 0 0 
-13.35 -73.35 4.65 0 0 0 
-18.75 -70.95 1.05 0 0 0 
-17.25 -71.85 1.35 0 0 0 
-16.65 -71.55 1.65 0 0 0 
-15.45 -70.95 2.25 0 0 0 
-15.15 -70.35 2.25 0 0 0 
-16.35 -69.15 0.75 0 0 0 
-15.15 -68.25 0.75 0 0 0 
-14.55 -68.85 1.35 0 0 0 
-17.25 -71.55 3.15 0 0 0 
-14.55 -70.35 2.85 0 0 0 
-14.85 -70.95 4.65 0 0 0 
-15.15 -67.95 3.15 0 0 0 
-13.95 -69.15 1.95 0 0 0 
-13.05 -67.95 1.95 0 0 0 
-14.25 -71.55 3.15 0 0 0 
-13.95 -69.75 2.55 0 0 0 
-14.25 -70.95 4.05 0 0 0 
-13.35 -70.35 4.65 0 0 0 
-11.85 -70.05 4.05 0 0 0 
-12.15 -69.15 3.45 0 0 0 
-13.95 -68.55 4.05 0 0 0 
-12.75 -67.95 3.75 0 0 0 
-11.55 -67.65 3.15 0 0 0 
-15.15 -76.65 4.95 0 0 0 
-16.05 -75.45 5.25 0 0 0 
-14.55 -76.65 6.45 0 0 0 
-14.25 -76.65 5.85 0 0 0 
-12.45 -74.85 6.15 0 0 0 
-13.05 -73.05 5.25 0 0 0 
-12.15 -71.85 5.25 0 0 0 
-13.35 -69.45 4.95 0 0 0 
-16.65 -66.15 1.35 0 0 0 
-13.65 -67.05 1.05 0 0 0 
-13.95 -66.45 1.35 0 0 0 
-13.35 -65.55 1.95 0 0 0 
-11.25 -66.75 2.25 0 0 0 
-12.75 -63.75 0.45 0 0 0 
-13.65 -63.45 1.35 0 0 0 
-10.95 -62.85 0.75 0 0 0 
-10.05 -63.15 1.65 0 0 0 
-12.15 -66.45 3.45 0 0 0 
-9.75 -66.45 3.45 0 0 0 
-12.15 -63.75 2.55 0 0 0 
-11.55 -61.95 0.45 0 0 0 
-10.65 -60.75 0.45 0 0 0 
-10.05 -61.05 1.95 0 0 0 
-9.75 -58.65 0.45 0 0 0 
-8.55 -63.75 2.55 0 0 0 
-8.85 -59.25 1.05 0 0 0 
-7.95 -59.85 1.95 0 0 0 
-9.75 -51.75 0.75 0 0 0 
-7.65 -56.55 1.05 0 0 0 
-7.35 -57.15 1.65 0 0 0 
-7.95 -54.15 1.05 0 0 0 
-8.25 -54.45 1.35 0 0 0 
-7.65 -52.35 0.45 0 0 0 
-7.05 -51.45 1.05 0 0 0 
-7.65 -49.65 2.25 0 0 0 
-5.55 -46.95 1.35 0 0 0 
-5.85 -43.95 0.15 0 0 0 
-0.15 -38.55 0.75 0 0 0 
-1.65 -37.05 0.15 0 0 0 
0.45 -118.05 1.05 0 0 0 
2.55 -118.95 0.45 0 0 0 
4.05 -118.65 0.75 0 0 0 
1.05 -117.15 0.15 0 0 0 
2.25 -116.85 0.15 0 0 0 
0.75 -115.65 0.15 0 0 0 
2.25 -116.25 0.45 0 0 0 
1.05 -116.55 1.65 0 0 0 
0.45 -115.35 1.65 0 0 0 
2.55 -117.45 0.15 0 0 0 
2.85 -116.25 0.45 0 0 0 
3.15 -115.35 1.05 0 0 0 
4.35 -115.35 0.75 0 0 0 
3.45 -116.25 1.95 0 0 0 
0.15 -116.85 3.45 0 0 0 
2.85 -115.95 2.55 0 0 0 
6.15 -117.45 0.15 0 0 0 
5.55 -115.65 1.05 0 0 0 
1.05 -114.75 0.45 0 0 0 
0.45 -114.15 1.05 0 0 0 
1.35 -114.15 0.45 0 0 0 
1.35 -114.15 1.05 0 0 0 
1.95 -113.85 0.45 0 0 0 
0.45 -114.45 1.65 0 0 0 
1.65 -115.05 1.65 0 0 0 
0.45 -113.55 1.65 0 0 0 
1.05 -113.55 1.95 0 0 0 
1.95 -113.85 1.65 0 0 0 
1.65 -112.95 1.95 0 0 0 
2.85 -114.15 0.45 0 0 0 
3.75 -115.05 0.45 0 0 0 
4.35 -114.45 0.75 0 0 0 
3.15 -112.95 0.45 0 0 0 
4.35 -113.25 0.45 0 0 0 
3.15 -115.05 1.95 0 0 0 
4.05 -114.45 1.95 0 0 0 
2.55 -113.55 2.25 0 0 0 
4.35 -112.95 1.65 0 0 0 
2.25 -112.65 1.35 0 0 0 
3.15 -112.65 0.45 0 0 0 
3.15 -112.05 0.75 0 0 0 
4.65 -112.05 0.15 0 0 0 
4.35 -111.15 0.45 0 0 0 
4.05 -110.85 1.05 0 0 0 
3.45 -111.75 1.35 0 0 0 
2.85 -111.45 1.35 0 0 0 
3.45 -111.15 1.95 0 0 0 
4.65 -110.55 1.35 0 0 0 
1.95 -114.75 2.55 0 0 0 
0.45 -113.25 2.55 0 0 0 
1.95 -113.85 2.55 0 0 0 
3.15 -114.45 2.85 0 0 0 
3.15 -112.95 2.55 0 0 0 
1.05 -112.65 3.15 0 0 0 
1.65 -111.75 2.55 0 0 0 
0.15 -110.85 3.45 0 0 0 
1.95 -110.85 2.85 0 0 0 
3.15 -112.65 2.55 0 0 0 
5.85 -115.05 0.45 0 0 0 
5.25 -114.15 1.05 0 0 0 
5.85 -113.55 0.15 0 0 0 
6.45 -113.25 0.15 0 0 0 
5.25 -114.45 1.65 0 0 0 
5.85 -113.55 1.95 0 0 0 
4.95 -112.65 0.45 0 0 0 
5.25 -111.75 1.05 0 0 0 
6.45 -112.05 0.75 0 0 0 
6.15 -111.45 0.75 0 0 0 
7.35 -111.75 0.15 0 0 0 
1.65 -109.35 1.95 0 0 0 
1.65 -108.75 2.25 0 0 0 
4.35 -109.35 0.45 0 0 0 
4.35 -109.35 0.75 0 0 0 
4.35 -108.75 0.45 0 0 0 
3.75 -108.15 0.75 0 0 0 
2.55 -109.95 2.25 0 0 0 
3.75 -109.65 1.95 0 0 0 
3.45 -108.45 1.65 0 0 0 
1.65 -106.35 1.05 0 0 0 
1.05 -106.95 1.95 0 0 0 
2.25 -107.85 1.95 0 0 0 
1.95 -106.65 1.65 0 0 0 
3.45 -106.95 0.45 0 0 0 
4.35 -107.85 0.15 0 0 0 
4.65 -107.85 0.75 0 0 0 
2.55 -106.35 0.75 0 0 0 
4.35 -105.75 0.15 0 0 0 
2.85 -107.25 1.35 0 0 0 
3.75 -106.35 1.35 0 0 0 
1.35 -109.35 2.85 0 0 0 
0.75 -108.45 2.85 0 0 0 
0.45 -109.95 3.75 0 0 0 
0.75 -107.25 2.55 0 0 0 
4.95 -110.25 0.15 0 0 0 
5.85 -109.65 1.05 0 0 0 
5.25 -108.75 0.15 0 0 0 
5.55 -108.75 0.75 0 0 0 
4.95 -109.05 1.35 0 0 0 
6.45 -107.85 0.15 0 0 0 
2.25 -104.85 0.45 0 0 0 
2.25 -104.25 0.45 0 0 0 
1.05 -104.85 1.65 0 0 0 
1.65 -105.45 1.35 0 0 0 
2.25 -105.15 1.95 0 0 0 
0.15 -103.95 2.25 0 0 0 
1.35 -103.35 1.35 0 0 0 
3.45 -104.55 0.45 0 0 0 
3.75 -104.55 0.15 0 0 0 
2.55 -103.65 0.45 0 0 0 
4.35 -104.25 0.15 0 0 0 
3.15 -104.55 1.65 0 0 0 
1.35 -102.45 1.05 0 0 0 
1.35 -100.95 0.75 0 0 0 
0.15 -102.15 1.35 0 0 0 
0.75 -102.75 2.25 0 0 0 
0.15 -101.55 1.65 0 0 0 
0.45 -101.55 2.25 0 0 0 
2.85 -103.05 0.15 0 0 0 
2.55 -103.05 0.75 0 0 0 
4.05 -102.15 0.45 0 0 0 
2.55 -100.95 0.15 0 0 0 
3.75 -100.95 0.45 0 0 0 
1.35 -103.65 2.55 0 0 0 
5.25 -103.05 0.15 0 0 0 
1.35 -99.75 1.05 0 0 0 
1.95 -99.15 0.75 0 0 0 
0.75 -99.75 1.35 0 0 0 
2.25 -100.05 1.35 0 0 0 
1.05 -98.85 1.35 0 0 0 
0.45 -98.55 2.25 0 0 0 
2.55 -100.35 0.45 0 0 0 
2.85 -99.75 0.75 0 0 0 
3.45 -99.15 0.15 0 0 0 
4.35 -99.15 0.45 0 0 0 
2.25 -97.95 0.45 0 0 0 
2.25 -97.05 0.15 0 0 0 
1.95 -96.45 1.05 0 0 0 
0.75 -97.65 1.65 0 0 0 
1.95 -98.25 1.35 0 0 0 
0.75 -96.15 1.35 0 0 0 
1.95 -96.75 1.65 0 0 0 
3.15 -97.95 0.75 0 0 0 
2.85 -96.75 0.15 0 0 0 
4.35 -96.75 0.45 0 0 0 
2.55 -96.15 1.65 0 0 0 
0.45 -99.15 2.55 0 0 0 
0.45 -97.05 2.55 0 0 0 
2.25 -95.85 0.45 0 0 0 
2.25 -94.05 1.05 0 0 0 
0.15 -94.95 2.25 0 0 0 
1.05 -94.65 1.35 0 0 0 
0.75 -93.75 2.25 0 0 0 
2.55 -95.55 0.15 0 0 0 
2.55 -95.55 1.05 0 0 0 
2.85 -94.35 0.15 0 0 0 
2.85 -94.35 0.75 0 0 0 
4.65 -94.35 0.75 0 0 0 
2.55 -94.05 1.35 0 0 0 
1.35 -93.45 1.65 0 0 0 
1.65 -93.15 1.95 0 0 0 
1.95 -92.25 1.65 0 0 0 
1.35 -91.65 2.25 0 0 0 
3.45 -92.85 0.15 0 0 0 
2.55 -92.85 0.75 0 0 0 
3.45 -91.95 0.15 0 0 0 
3.45 -91.35 1.05 0 0 0 
4.05 -91.35 0.75 0 0 0 
3.75 -92.55 1.95 0 0 0 
3.75 -91.35 1.35 0 0 0 
1.35 -95.25 2.85 0 0 0 
0.75 -93.75 2.55 0 0 0 
2.85 -94.05 2.55 0 0 0 
0.15 -92.55 3.15 0 0 0 
0.45 -92.25 3.45 0 0 0 
1.65 -91.65 3.15 0 0 0 
2.85 -93.45 2.55 0 0 0 
1.95 -91.05 1.65 0 0 0 
3.45 -90.15 1.05 0 0 0 
3.75 -90.75 0.75 0 0 0 
4.65 -89.85 0.45 0 0 0 
4.05 -89.25 1.05 0 0 0 
3.15 -90.45 1.65 0 0 0 
4.05 -90.45 1.35 0 0 0 
2.55 -89.85 2.25 0 0 0 
3.75 -89.85 1.35 0 0 0 
4.65 -88.35 1.05 0 0 0 
3.45 -87.75 2.25 0 0 0 
3.75 -88.65 1.95 0 0 0 
4.05 -87.45 1.95 0 0 0 
1.05 -90.75 2.85 0 0 0 
1.35 -90.15 2.85 0 0 0 
1.65 -89.85 2.85 0 0 0 
1.35 -89.25 3.15 0 0 0 
0.15 -88.95 4.05 0 0 0 
1.95 -89.25 3.75 0 0 0 
2.55 -89.25 2.85 0 0 0 
1.05 -88.35 3.45 0 0 0 
2.25 -87.15 3.45 0 0 0 
0.75 -87.75 4.65 0 0 0 
1.65 -87.45 4.05 0 0 0 
1.65 -86.55 4.35 0 0 0 
3.45 -87.75 2.55 0 0 0 
3.45 -86.55 2.85 0 0 0 
4.05 -86.55 2.55 0 0 0 
3.15 -86.55 3.75 0 0 0 
5.85 -89.85 0.15 0 0 0 
4.95 -89.85 2.25 0 0 0 
5.55 -88.05 0.15 0 0 0 
6.45 -88.65 0.15 0 0 0 
5.25 -87.15 0.75 0 0 0 
6.15 -87.15 0.45 0 0 0 
4.95 -88.35 1.65 0 0 0 
5.25 -87.15 1.65 0 0 0 
7.65 -86.55 0.45 0 0 0 
0.45 -90.45 4.95 0 0 0 
0.45 -88.65 4.95 0 0 0 
0.75 -87.15 5.55 0 0 0 
1.35 -86.55 6.75 0 0 0 
4.65 -85.95 2.25 0 0 0 
1.95 -86.25 4.65 0 0 0 
3.15 -86.25 3.15 0 0 0 
4.35 -85.65 2.85 0 0 0 
3.45 -85.05 3.45 0 0 0 
2.85 -85.95 4.05 0 0 0 
4.65 -85.65 3.75 0 0 0 
2.85 -84.15 4.65 0 0 0 
4.35 -83.85 3.45 0 0 0 
3.75 -83.25 3.75 0 0 0 
3.15 -82.65 4.65 0 0 0 
5.85 -86.25 1.05 0 0 0 
7.05 -85.35 0.45 0 0 0 
6.75 -85.65 1.05 0 0 0 
5.85 -85.95 1.65 0 0 0 
6.15 -86.25 1.35 0 0 0 
5.25 -84.75 1.95 0 0 0 
6.45 -84.75 1.35 0 0 0 
6.75 -85.05 1.95 0 0 0 
7.65 -85.35 0.15 0 0 0 
7.95 -85.05 0.15 0 0 0 
7.35 -84.75 1.05 0 0 0 
8.85 -84.75 0.45 0 0 0 
7.35 -85.05 1.65 0 0 0 
7.05 -83.85 1.95 0 0 0 
7.95 -83.85 0.45 0 0 0 
8.85 -83.85 0.45 0 0 0 
8.55 -83.55 1.05 0 0 0 
9.15 -82.65 0.75 0 0 0 
8.25 -83.55 1.35 0 0 0 
7.95 -82.95 1.95 0 0 0 
8.25 -82.35 1.95 0 0 0 
8.85 -82.05 1.35 0 0 0 
9.45 -81.75 2.25 0 0 0 
5.55 -84.45 2.55 0 0 0 
5.25 -85.35 3.75 0 0 0 
5.25 -83.55 3.15 0 0 0 
6.15 -83.25 2.55 0 0 0 
5.85 -82.65 3.45 0 0 0 
7.05 -82.35 3.15 0 0 0 
6.75 -82.95 4.05 0 0 0 
4.95 -82.05 4.65 0 0 0 
7.35 -81.75 2.55 0 0 0 
8.25 -81.45 2.25 0 0 0 
8.85 -80.55 2.25 0 0 0 
6.75 -80.85 3.15 0 0 0 
5.55 -80.55 4.65 0 0 0 
6.45 -80.25 3.75 0 0 0 
7.05 -79.65 4.35 0 0 0 
7.35 -81.15 3.15 0 0 0 
8.55 -80.85 2.85 0 0 0 
8.55 -79.95 2.85 0 0 0 
8.85 -80.25 3.45 0 0 0 
7.35 -79.95 3.75 0 0 0 
8.85 -79.95 4.05 0 0 0 
8.85 -78.45 3.15 0 0 0 
8.85 -78.75 3.75 0 0 0 
8.25 -77.85 4.35 0 0 0 
8.85 -76.95 4.65 0 0 0 
1.35 -85.95 4.95 0 0 0 
0.45 -84.75 5.55 0 0 0 
0.15 -85.35 6.45 0 0 0 
3.45 -85.35 5.25 0 0 0 
3.45 -84.45 5.25 0 0 0 
1.95 -83.55 5.25 0 0 0 
1.35 -83.55 6.75 0 0 0 
3.75 -82.95 5.85 0 0 0 
3.75 -81.75 5.85 0 0 0 
4.35 -81.45 4.95 0 0 0 
4.35 -79.95 6.15 0 0 0 
6.15 -81.15 4.95 0 0 0 
7.35 -79.65 5.55 0 0 0 
6.75 -78.15 4.95 0 0 0 
4.95 -78.45 6.45 0 0 0 
8.25 -78.15 5.55 0 0 0 
9.75 -83.85 0.45 0 0 0 
10.35 -82.95 0.75 0 0 0 
10.65 -82.35 0.45 0 0 0 
10.65 -82.05 0.75 0 0 0 
10.95 -81.75 0.45 0 0 0 
9.75 -81.75 1.35 0 0 0 
10.35 -81.45 0.75 0 0 0 
11.55 -81.45 0.45 0 0 0 
11.25 -80.85 1.05 0 0 0 
11.85 -79.65 1.05 0 0 0 
10.65 -80.85 1.35 0 0 0 
11.55 -80.55 1.65 0 0 0 
10.35 -79.65 1.95 0 0 0 
11.25 -79.35 1.35 0 0 0 
11.55 -79.35 1.95 0 0 0 
12.75 -80.85 0.15 0 0 0 
12.75 -80.25 0.45 0 0 0 
12.75 -79.65 1.05 0 0 0 
14.25 -79.65 0.45 0 0 0 
12.75 -79.65 1.35 0 0 0 
11.25 -78.75 2.25 0 0 0 
14.25 -79.05 0.45 0 0 0 
13.95 -77.85 1.05 0 0 0 
13.05 -78.75 1.65 0 0 0 
12.15 -78.15 2.25 0 0 0 
12.75 -77.85 1.35 0 0 0 
13.35 -77.55 1.65 0 0 0 
13.65 -76.95 1.95 0 0 0 
10.05 -79.35 2.85 0 0 0 
10.65 -78.75 2.55 0 0 0 
9.75 -78.45 3.45 0 0 0 
11.55 -78.15 2.55 0 0 0 
11.85 -77.85 2.55 0 0 0 
10.95 -76.95 3.45 0 0 0 
10.35 -77.85 4.35 0 0 0 
13.05 -77.85 2.85 0 0 0 
14.85 -79.35 0.45 0 0 0 
15.45 -78.45 0.15 0 0 0 
15.75 -78.75 0.45 0 0 0 
14.55 -77.55 1.05 0 0 0 
16.35 -77.25 0.45 0 0 0 
15.45 -78.15 1.35 0 0 0 
15.75 -76.95 1.35 0 0 0 
17.25 -77.25 0.45 0 0 0 
33.45 -88.95 1.35 0 0 0 
34.65 -89.25 0.75 0 0 0 
35.25 -89.25 1.05 0 0 0 
35.55 -89.25 1.35 0 0 0 
37.05 -88.95 1.05 0 0 0 
36.75 -88.95 1.65 0 0 0 
34.65 -86.85 0.15 0 0 0 
35.25 -86.85 0.45 0 0 0 
34.65 -87.75 1.65 0 0 0 
34.95 -88.05 1.65 0 0 0 
35.85 -87.75 1.95 0 0 0 
35.55 -87.45 1.65 0 0 0 
36.75 -88.05 0.75 0 0 0 
37.95 -88.05 1.05 0 0 0 
37.05 -86.85 0.15 0 0 0 
37.95 -87.15 0.15 0 0 0 
37.35 -87.45 0.75 0 0 0 
36.45 -88.35 1.35 0 0 0 
36.75 -88.05 1.65 0 0 0 
36.75 -87.75 2.25 0 0 0 
37.35 -88.35 1.95 0 0 0 
37.05 -87.45 1.35 0 0 0 
36.75 -86.85 1.95 0 0 0 
38.25 -86.85 1.35 0 0 0 
37.65 -86.55 1.95 0 0 0 
35.55 -86.85 2.85 0 0 0 
37.65 -86.55 2.55 0 0 0 
37.65 -85.35 0.15 0 0 0 
37.95 -85.05 1.05 0 0 0 
37.65 -85.35 2.25 0 0 0 
34.65 -85.95 2.85 0 0 0 
35.25 -85.35 2.85 0 0 0 
36.75 -86.25 2.55 0 0 0 
36.15 -85.65 3.15 0 0 0 
38.25 -85.95 2.85 0 0 0 
37.95 -85.95 3.15 0 0 0 
38.25 -85.05 2.85 0 0 0 
36.75 -84.45 3.75 0 0 0 
37.65 -83.25 3.45 0 0 0 
37.95 -83.55 4.05 0 0 0 
37.95 -82.65 4.05 0 0 0 
38.25 -81.15 4.05 0 0 0 
38.25 -77.25 4.35 0 0 0 
38.85 -86.85 0.45 0 0 0 
39.15 -86.85 1.05 0 0 0 
38.85 -88.05 1.35 0 0 0 
38.55 -87.15 1.35 0 0 0 
38.55 -87.45 2.25 0 0 0 
40.05 -87.15 1.35 0 0 0 
40.05 -87.15 2.25 0 0 0 
39.15 -86.25 0.15 0 0 0 
38.55 -86.25 0.75 0 0 0 
39.15 -85.35 1.05 0 0 0 
39.75 -85.95 0.75 0 0 0 
39.45 -84.75 0.15 0 0 0 
38.55 -84.45 1.05 0 0 0 
39.75 -84.45 0.45 0 0 0 
39.75 -84.15 1.05 0 0 0 
39.15 -85.65 1.35 0 0 0 
39.45 -85.65 1.95 0 0 0 
40.35 -85.35 1.65 0 0 0 
38.55 -84.75 1.65 0 0 0 
39.45 -85.05 1.95 0 0 0 
39.75 -84.45 1.35 0 0 0 
40.95 -85.35 1.05 0 0 0 
41.25 -84.45 0.75 0 0 0 
41.85 -85.35 1.35 0 0 0 
41.25 -84.15 1.65 0 0 0 
42.45 -84.75 1.35 0 0 0 
39.15 -82.95 0.15 0 0 0 
40.35 -83.55 0.45 0 0 0 
40.65 -83.25 0.75 0 0 0 
39.75 -82.35 0.45 0 0 0 
40.05 -82.05 0.75 0 0 0 
39.45 -82.95 1.95 0 0 0 
40.65 -82.95 1.35 0 0 0 
39.15 -82.65 2.25 0 0 0 
39.75 -82.35 2.25 0 0 0 
40.65 -81.75 2.25 0 0 0 
41.55 -83.55 1.05 0 0 0 
41.55 -82.65 0.15 0 0 0 
41.25 -82.05 0.75 0 0 0 
41.55 -83.25 1.65 0 0 0 
42.15 -82.95 1.65 0 0 0 
41.25 -82.05 1.35 0 0 0 
42.75 -82.65 1.65 0 0 0 
43.05 -81.75 1.95 0 0 0 
39.15 -85.65 3.15 0 0 0 
38.85 -84.45 2.85 0 0 0 
39.75 -84.15 2.55 0 0 0 
41.55 -85.05 2.55 0 0 0 
39.15 -83.25 2.85 0 0 0 
40.65 -83.55 2.55 0 0 0 
38.55 -82.35 2.85 0 0 0 
39.15 -82.35 3.15 0 0 0 
39.45 -83.55 3.75 0 0 0 
38.55 -81.75 4.35 0 0 0 
40.95 -82.05 2.55 0 0 0 
43.65 -82.95 1.35 0 0 0 
40.05 -80.55 0.15 0 0 0 
40.35 -80.55 1.05 0 0 0 
40.35 -79.35 0.45 0 0 0 
40.65 -81.15 1.65 0 0 0 
40.65 -80.25 1.35 0 0 0 
41.25 -81.45 1.05 0 0 0 
40.95 -79.95 1.05 0 0 0 
41.25 -81.45 1.65 0 0 0 
41.25 -80.85 1.95 0 0 0 
42.75 -81.45 1.95 0 0 0 
41.25 -79.35 1.65 0 0 0 
40.95 -79.35 2.25 0 0 0 
42.15 -79.65 2.25 0 0 0 
40.05 -78.15 0.45 0 0 0 
39.75 -77.55 0.15 0 0 0 
40.35 -76.95 0.45 0 0 0 
41.85 -78.45 1.05 0 0 0 
40.95 -78.75 1.35 0 0 0 
41.85 -78.45 1.65 0 0 0 
41.55 -78.45 2.25 0 0 0 
41.25 -77.55 1.65 0 0 0 
41.85 -76.95 1.65 0 0 0 
42.15 -77.55 1.65 0 0 0 
39.45 -81.45 2.85 0 0 0 
39.15 -80.55 3.45 0 0 0 
40.35 -81.15 3.45 0 0 0 
40.05 -79.95 2.55 0 0 0 
40.05 -79.65 3.15 0 0 0 
38.55 -80.85 4.65 0 0 0 
38.85 -79.65 3.75 0 0 0 
39.75 -79.65 3.75 0 0 0 
41.85 -80.85 2.85 0 0 0 
41.25 -79.35 2.55 0 0 0 
39.45 -79.05 3.15 0 0 0 
40.35 -78.45 2.85 0 0 0 
40.65 -77.55 2.55 0 0 0 
39.75 -77.25 3.45 0 0 0 
39.45 -78.45 4.05 0 0 0 
39.15 -77.25 3.75 0 0 0 
40.05 -76.95 4.65 0 0 0 
42.15 -79.05 2.85 0 0 0 
41.55 -77.85 2.55 0 0 0 
42.75 -77.85 2.55 0 0 0 
43.35 -81.15 1.65 0 0 0 
43.65 -79.95 1.95 0 0 0 
43.65 -78.15 1.95 0 0 0 
9.15 -76.35 4.65 0 0 0 
5.55 -76.35 5.55 0 0 0 
6.15 -76.35 6.15 0 0 0 
7.95 -76.65 5.25 0 0 0 
8.85 -76.05 5.55 0 0 0 
8.55 -75.45 5.25 0 0 0 
8.25 -75.15 6.15 0 0 0 
8.85 -73.95 5.85 0 0 0 
9.45 -71.55 6.15 0 0 0 
14.25 -76.65 1.95 0 0 0 
11.55 -76.05 3.45 0 0 0 
11.25 -76.65 3.75 0 0 0 
10.65 -74.55 4.35 0 0 0 
12.15 -76.35 2.85 0 0 0 
13.05 -76.05 3.15 0 0 0 
13.35 -75.75 3.15 0 0 0 
14.25 -75.15 2.85 0 0 0 
13.95 -75.75 3.75 0 0 0 
11.25 -73.35 4.35 0 0 0 
13.65 -73.35 3.45 0 0 0 
14.25 -73.65 3.75 0 0 0 
14.25 -73.05 3.75 0 0 0 
16.65 -76.65 1.05 0 0 0 
14.85 -76.05 1.95 0 0 0 
15.75 -75.75 1.65 0 0 0 
15.15 -74.85 2.25 0 0 0 
17.55 -76.35 0.15 0 0 0 
17.85 -75.75 1.05 0 0 0 
18.45 -76.05 0.75 0 0 0 
18.75 -75.15 1.05 0 0 0 
17.55 -75.45 1.35 0 0 0 
18.15 -74.85 1.35 0 0 0 
17.85 -73.35 1.35 0 0 0 
19.05 -73.95 1.35 0 0 0 
17.25 -73.05 2.25 0 0 0 
16.35 -75.15 2.85 0 0 0 
15.75 -73.95 3.15 0 0 0 
16.05 -72.15 2.85 0 0 0 
17.25 -72.15 2.85 0 0 0 
14.25 -70.95 4.05 0 0 0 
15.15 -71.85 3.45 0 0 0 
16.05 -70.95 3.75 0 0 0 
17.55 -71.85 2.85 0 0 0 
16.05 -67.65 4.65 0 0 0 
9.75 -74.85 5.85 0 0 0 
10.35 -73.95 5.55 0 0 0 
13.95 -73.05 4.95 0 0 0 
9.75 -71.25 6.15 0 0 0 
12.75 -69.75 5.55 0 0 0 
13.65 -69.45 5.25 0 0 0 
10.95 -67.65 7.35 0 0 0 
18.15 -58.95 0.75 0 0 0 
18.75 -58.35 0.15 0 0 0 
18.75 -58.05 0.75 0 0 0 
19.05 -59.25 2.25 0 0 0 
18.45 -58.65 1.65 0 0 0 
18.75 -58.65 1.95 0 0 0 
19.05 -58.95 2.85 0 0 0 
17.85 -58.05 2.55 0 0 0 
18.45 -58.35 2.85 0 0 0 
18.75 -58.65 3.15 0 0 0 
19.05 -58.95 4.65 0 0 0 
19.05 -58.65 4.05 0 0 0 
18.15 -58.05 4.65 0 0 0 
19.05 -58.95 5.25 0 0 0 
18.75 -58.65 5.25 0 0 0 
18.75 -57.75 5.85 0 0 0 
18.45 -57.75 6.45 0 0 0 
19.65 -75.15 0.15 0 0 0 
20.85 -74.85 0.45 0 0 0 
21.45 -73.65 0.15 0 0 0 
19.35 -73.95 1.65 0 0 0 
19.35 -72.45 1.35 0 0 0 
21.15 -72.45 1.65 0 0 0 
21.75 -73.35 1.05 0 0 0 
23.55 -73.05 0.15 0 0 0 
22.05 -72.45 1.65 0 0 0 
25.65 -73.35 0.45 0 0 0 
25.95 -72.75 0.45 0 0 0 
25.65 -72.15 1.35 0 0 0 
27.45 -73.05 0.75 0 0 0 
26.85 -72.15 1.65 0 0 0 
28.35 -72.75 1.95 0 0 0 
22.05 -71.25 1.65 0 0 0 
23.25 -71.25 1.65 0 0 0 
22.95 -69.45 2.85 0 0 0 
24.45 -71.25 1.95 0 0 0 
25.65 -71.55 1.95 0 0 0 
24.15 -69.75 2.55 0 0 0 
30.75 -75.15 1.65 0 0 0 
28.95 -73.95 1.35 0 0 0 
30.15 -73.95 1.95 0 0 0 
37.95 -74.85 0.45 0 0 0 
35.55 -72.45 0.45 0 0 0 
37.05 -73.65 0.45 0 0 0 
37.35 -74.25 0.75 0 0 0 
36.75 -72.15 1.05 0 0 0 
38.25 -72.45 1.05 0 0 0 
38.25 -72.45 1.65 0 0 0 
37.65 -76.05 4.35 0 0 0 
38.25 -74.85 4.65 0 0 0 
37.95 -72.45 2.85 0 0 0 
37.95 -72.45 3.15 0 0 0 
37.35 -73.35 4.05 0 0 0 
37.65 -73.65 4.35 0 0 0 
36.75 -72.15 4.05 0 0 0 
37.05 -72.45 4.35 0 0 0 
37.65 -72.15 3.75 0 0 0 
33.45 -70.35 0.45 0 0 0 
33.15 -70.05 1.05 0 0 0 
29.25 -67.35 0.45 0 0 0 
30.15 -67.95 0.45 0 0 0 
30.75 -67.65 1.05 0 0 0 
30.15 -67.35 1.65 0 0 0 
31.95 -69.45 0.15 0 0 0 
32.55 -69.15 0.45 0 0 0 
33.15 -68.85 0.75 0 0 0 
32.25 -68.85 1.35 0 0 0 
32.55 -69.15 1.65 0 0 0 
32.85 -68.85 1.95 0 0 0 
32.25 -67.95 1.65 0 0 0 
32.85 -68.25 2.25 0 0 0 
31.05 -67.65 2.85 0 0 0 
30.45 -67.35 3.75 0 0 0 
32.25 -68.55 2.55 0 0 0 
33.45 -68.55 3.15 0 0 0 
31.35 -67.35 2.85 0 0 0 
33.15 -68.25 2.85 0 0 0 
32.25 -68.85 4.65 0 0 0 
33.15 -69.45 4.65 0 0 0 
31.65 -68.25 4.05 0 0 0 
31.65 -68.25 4.65 0 0 0 
34.65 -71.85 0.45 0 0 0 
34.35 -70.95 1.05 0 0 0 
35.85 -71.55 1.05 0 0 0 
33.75 -70.65 0.75 0 0 0 
34.95 -70.95 1.35 0 0 0 
34.65 -70.65 1.35 0 0 0 
33.75 -69.75 1.95 0 0 0 
35.55 -70.65 1.65 0 0 0 
37.05 -71.85 0.75 0 0 0 
36.45 -71.25 1.35 0 0 0 
36.75 -71.25 1.95 0 0 0 
38.25 -71.85 2.25 0 0 0 
35.85 -70.95 2.55 0 0 0 
34.65 -70.05 3.15 0 0 0 
35.25 -70.65 3.15 0 0 0 
34.95 -69.75 3.45 0 0 0 
35.85 -71.55 4.35 0 0 0 
34.35 -70.05 3.75 0 0 0 
34.05 -69.75 4.65 0 0 0 
35.55 -70.35 4.05 0 0 0 
35.85 -70.65 4.35 0 0 0 
37.05 -70.95 2.55 0 0 0 
36.45 -70.95 3.45 0 0 0 
37.95 -71.55 2.85 0 0 0 
37.65 -71.25 3.15 0 0 0 
37.05 -71.55 3.75 0 0 0 
36.15 -71.55 4.35 0 0 0 
36.15 -70.65 4.05 0 0 0 
34.35 -68.85 2.55 0 0 0 
33.75 -68.25 3.15 0 0 0 
33.75 -69.45 4.35 0 0 0 
35.85 -72.15 5.25 0 0 0 
37.05 -73.05 4.95 0 0 0 
29.85 -67.65 4.95 0 0 0 
30.15 -67.65 4.95 0 0 0 
32.25 -68.55 4.95 0 0 0 
33.15 -68.85 5.25 0 0 0 
31.95 -67.95 5.25 0 0 0 
35.55 -71.55 4.95 0 0 0 
34.65 -70.65 4.95 0 0 0 
33.75 -70.35 5.85 0 0 0 
22.65 -62.55 1.05 0 0 0 
22.35 -62.55 2.25 0 0 0 
22.95 -62.85 1.95 0 0 0 
22.65 -62.55 3.15 0 0 0 
23.55 -62.85 3.15 0 0 0 
23.25 -62.85 4.05 0 0 0 
25.95 -64.95 1.05 0 0 0 
28.35 -66.45 0.15 0 0 0 
26.85 -64.95 0.45 0 0 0 
27.75 -65.55 0.45 0 0 0 
28.65 -66.15 1.35 0 0 0 
28.05 -65.55 1.65 0 0 0 
25.35 -64.35 0.45 0 0 0 
26.25 -64.65 1.05 0 0 0 
25.65 -64.35 1.65 0 0 0 
24.15 -62.55 1.95 0 0 0 
25.35 -64.95 2.85 0 0 0 
26.25 -65.85 3.75 0 0 0 
25.95 -65.55 4.65 0 0 0 
28.65 -66.75 2.85 0 0 0 
27.45 -65.85 2.55 0 0 0 
27.45 -67.05 4.65 0 0 0 
28.35 -67.05 3.75 0 0 0 
24.75 -63.75 2.85 0 0 0 
25.65 -64.65 3.45 0 0 0 
24.15 -63.75 4.35 0 0 0 
20.85 -60.15 0.15 0 0 0 
20.55 -60.15 1.05 0 0 0 
21.45 -61.35 1.95 0 0 0 
20.25 -60.45 2.25 0 0 0 
20.55 -60.15 1.65 0 0 0 
22.65 -62.25 0.45 0 0 0 
22.35 -61.95 1.05 0 0 0 
21.75 -60.15 0.15 0 0 0 
22.05 -61.35 1.65 0 0 0 
22.35 -61.65 2.25 0 0 0 
19.65 -58.95 0.75 0 0 0 
20.55 -59.55 0.75 0 0 0 
19.65 -59.85 1.65 0 0 0 
20.25 -59.25 1.35 0 0 0 
19.65 -58.95 1.95 0 0 0 
19.95 -58.65 1.35 0 0 0 
21.45 -61.35 3.15 0 0 0 
19.95 -60.15 3.15 0 0 0 
20.55 -60.75 3.45 0 0 0 
21.45 -62.25 4.65 0 0 0 
21.15 -61.05 3.75 0 0 0 
21.15 -61.05 4.65 0 0 0 
22.35 -61.65 2.55 0 0 0 
21.75 -61.05 3.15 0 0 0 
21.75 -61.95 4.35 0 0 0 
19.65 -59.55 2.55 0 0 0 
19.65 -59.55 3.45 0 0 0 
19.65 -59.55 4.05 0 0 0 
19.65 -58.65 3.75 0 0 0 
22.65 -62.55 5.85 0 0 0 
22.95 -62.85 5.85 0 0 0 
27.45 -67.05 4.95 0 0 0 
25.05 -64.35 5.25 0 0 0 
25.35 -64.65 5.25 0 0 0 
19.95 -60.15 5.85 0 0 0 
21.15 -60.75 5.55 0 0 0 
20.55 -60.75 6.45 0 0 0 
22.05 -62.25 5.25 0 0 0 
21.75 -61.65 5.85 0 0 0 
19.65 -59.55 5.25 0 0 0 
19.65 -59.25 5.85 0 0 0 
19.95 -59.25 6.15 0 0 0 
19.35 -58.65 7.05 0 0 0 
28.95 -66.75 1.05 0 0 0 
29.25 -67.05 1.65 0 0 0 
29.55 -67.05 1.95 0 0 0 
29.55 -67.05 2.55 0 0 0 
28.95 -67.05 4.95 0 0 0 
9.45 -49.65 0.15 0 0 0 
8.85 -48.15 0.75 0 0 0 
8.25 -48.15 2.25 0 0 0 
8.55 -48.75 2.25 0 0 0 
6.45 -48.45 4.65 0 0 0 
9.15 -49.05 2.55 0 0 0 
8.25 -49.65 4.65 0 0 0 
7.95 -49.05 3.75 0 0 0 
8.55 -50.55 4.95 0 0 0 
7.95 -50.85 6.75 0 0 0 
9.15 -51.45 7.05 0 0 0 
7.95 -49.95 5.85 0 0 0 
7.95 -50.25 6.45 0 0 0 
14.25 -52.95 2.25 0 0 0 
13.95 -52.95 4.35 0 0 0 
16.35 -55.95 0.15 0 0 0 
16.05 -55.65 0.75 0 0 0 
16.35 -55.95 1.35 0 0 0 
16.35 -55.95 2.25 0 0 0 
16.95 -56.85 0.45 0 0 0 
17.25 -56.85 1.05 0 0 0 
16.95 -56.85 1.65 0 0 0 
16.95 -56.25 1.35 0 0 0 
15.45 -55.05 0.75 0 0 0 
15.75 -54.75 0.75 0 0 0 
15.15 -53.85 0.75 0 0 0 
15.15 -54.15 1.95 0 0 0 
15.75 -54.45 1.95 0 0 0 
14.55 -53.25 1.65 0 0 0 
14.85 -53.25 2.25 0 0 0 
16.65 -56.25 2.55 0 0 0 
16.35 -56.25 3.15 0 0 0 
16.65 -56.55 3.75 0 0 0 
16.35 -55.65 4.05 0 0 0 
17.55 -57.15 2.55 0 0 0 
17.55 -57.15 3.45 0 0 0 
17.85 -57.45 4.05 0 0 0 
18.75 -57.45 4.35 0 0 0 
15.45 -54.15 3.45 0 0 0 
15.75 -54.75 3.45 0 0 0 
14.55 -52.95 2.55 0 0 0 
14.55 -52.95 3.45 0 0 0 
15.45 -54.45 4.65 0 0 0 
15.75 -54.75 4.65 0 0 0 
15.15 -53.85 4.05 0 0 0 
14.55 -53.25 4.35 0 0 0 
11.85 -51.75 0.15 0 0 0 
10.65 -51.45 1.35 0 0 0 
11.55 -51.45 1.95 0 0 0 
13.35 -51.75 0.75 0 0 0 
12.75 -52.05 1.65 0 0 0 
13.35 -52.35 2.25 0 0 0 
13.35 -51.45 1.35 0 0 0 
9.75 -49.95 1.05 0 0 0 
10.65 -50.25 1.65 0 0 0 
11.25 -50.25 2.25 0 0 0 
11.55 -50.55 2.85 0 0 0 
10.35 -50.85 4.05 0 0 0 
10.95 -51.45 4.35 0 0 0 
13.05 -52.35 3.15 0 0 0 
13.35 -51.75 2.55 0 0 0 
12.15 -51.45 2.55 0 0 0 
13.35 -51.45 3.45 0 0 0 
13.65 -52.65 3.75 0 0 0 
13.95 -52.35 4.35 0 0 0 
13.35 -51.45 4.65 0 0 0 
10.05 -49.65 3.45 0 0 0 
10.05 -48.75 2.85 0 0 0 
10.95 -49.95 4.35 0 0 0 
10.65 -52.95 6.75 0 0 0 
13.35 -52.95 5.85 0 0 0 
13.05 -52.95 6.45 0 0 0 
14.25 -53.85 6.75 0 0 0 
13.95 -52.95 7.35 0 0 0 
16.35 -56.25 5.55 0 0 0 
16.35 -55.95 6.15 0 0 0 
16.65 -55.65 6.75 0 0 0 
17.55 -57.45 5.55 0 0 0 
17.85 -57.45 7.05 0 0 0 
17.25 -55.95 6.75 0 0 0 
15.15 -54.15 5.55 0 0 0 
16.35 -54.75 5.85 0 0 0 
14.85 -53.55 5.55 0 0 0 
15.15 -54.75 6.45 0 0 0 
15.45 -54.15 6.75 0 0 0 
14.85 -53.55 6.45 0 0 0 
17.85 -57.15 7.35 0 0 0 
16.95 -56.25 7.95 0 0 0 
11.85 -52.05 5.25 0 0 0 
10.05 -51.45 5.55 0 0 0 
11.55 -50.85 5.85 0 0 0 
11.55 -52.65 6.45 0 0 0 
11.25 -51.45 6.45 0 0 0 
12.75 -51.75 5.55 0 0 0 
13.05 -51.45 5.25 0 0 0 
10.35 -52.05 7.65 0 0 0 
4.35 -45.15 2.25 0 0 0 
3.75 -47.25 4.65 0 0 0 
6.15 -45.75 0.75 0 0 0 
7.05 -46.65 1.65 0 0 0 
7.95 -47.55 0.45 0 0 0 
8.55 -47.55 1.05 0 0 0 
7.35 -47.85 2.25 0 0 0 
7.95 -46.65 1.65 0 0 0 
6.45 -44.85 1.05 0 0 0 
5.85 -45.45 1.95 0 0 0 
6.15 -46.95 2.85 0 0 0 
4.95 -47.85 4.35 0 0 0 
9.15 -47.55 3.15 0 0 0 
4.35 -42.75 0.15 0 0 0 
1.95 -40.05 0.45 0 0 0 
1.95 -38.55 1.35 0 0 0 
39.15 -76.05 0.45 0 0 0 
39.75 -76.05 0.45 0 0 0 
39.15 -75.15 0.15 0 0 0 
39.15 -74.85 0.75 0 0 0 
39.75 -74.55 0.75 0 0 0 
40.35 -75.45 1.65 0 0 0 
40.65 -75.45 2.25 0 0 0 
41.85 -76.05 1.05 0 0 0 
41.85 -76.35 1.65 0 0 0 
41.55 -76.65 1.95 0 0 0 
42.75 -76.65 1.95 0 0 0 
40.95 -74.55 1.65 0 0 0 
39.15 -74.25 0.75 0 0 0 
38.85 -73.05 1.05 0 0 0 
39.15 -73.35 1.35 0 0 0 
40.35 -74.25 1.65 0 0 0 
39.75 -73.35 1.95 0 0 0 
38.55 -72.45 1.35 0 0 0 
38.55 -72.15 1.95 0 0 0 
40.05 -76.35 3.15 0 0 0 
40.35 -75.75 3.45 0 0 0 
39.75 -74.55 2.55 0 0 0 
40.05 -75.15 3.45 0 0 0 
39.15 -76.35 4.05 0 0 0 
38.55 -75.75 4.35 0 0 0 
38.85 -74.55 3.75 0 0 0 
40.05 -74.85 3.75 0 0 0 
41.85 -76.35 3.15 0 0 0 
40.95 -74.55 2.55 0 0 0 
38.85 -74.25 3.45 0 0 0 
39.15 -73.35 3.15 0 0 0 
40.05 -73.65 2.55 0 0 0 
39.15 -72.75 2.55 0 0 0 
38.85 -73.05 3.45 0 0 0 
38.85 -73.65 3.75 0 0 0 
39.15 -75.75 4.95 0 0 0 
1.05 -38.25 1.35 0 0 0 
